0 0.024545 0.140327 0.041818 0.138965
0 0.056364 0.245232 0.083636 0.147139
0 0.126364 0.162125 0.063636 0.133515
0 0.187273 0.241144 0.087273 0.144414
0 0.250000 0.175749 0.078182 0.133515
0 0.283636 0.080381 0.069091 0.106267
0 0.192727 0.074932 0.076364 0.117166
0 0.333636 0.306540 0.085455 0.171662
0 0.180000 0.546322 0.105455 0.209809
0 0.054545 0.880109 0.098182 0.228883
0 0.387273 0.749319 0.156364 0.245232
0 0.536364 0.450954 0.130909 0.226158
0 0.425455 0.208447 0.069091 0.133515
0 0.489091 0.148501 0.061818 0.106267
0 0.515455 0.059946 0.060000 0.108992
0 0.582727 0.241144 0.074545 0.138965
0 0.615455 0.148501 0.081818 0.138965
0 0.702727 0.084469 0.067273 0.103542
0 0.590000 0.415531 0.063636 0.155313
0 0.712727 0.564033 0.141818 0.256131
0 0.634545 0.758856 0.207273 0.226158
0 0.860000 0.877384 0.189091 0.245232
0 0.850000 0.598093 0.154545 0.226158
0 0.803636 0.470027 0.101818 0.177112
0 0.756364 0.282016 0.090909 0.155313
0 0.794545 0.186649 0.069091 0.133515
0 0.888182 0.069482 0.067273 0.128065
0 0.963636 0.179837 0.072727 0.136240
0 0.951818 0.438692 0.085455 0.201635
