0 0.367188 0.372159 0.095170 0.145833
0 0.500888 0.430161 0.027344 0.042140
0 0.531072 0.529830 0.027344 0.046402
0 0.606179 0.512311 0.026278 0.043561
0 0.185014 0.415483 0.026989 0.043087
0 0.127308 0.432765 0.064276 0.077652
0 0.018821 0.495028 0.036222 0.067708
0 0.683771 0.612453 0.055753 0.068655
0 0.662287 0.587121 0.035511 0.060606
0 0.648082 0.557055 0.034801 0.056345
0 0.716619 0.492661 0.031250 0.050663
0 0.771839 0.538116 0.029474 0.054451
0 0.838246 0.517756 0.032315 0.058239
0 0.855291 0.588778 0.050071 0.065814
0 0.858132 0.728693 0.101207 0.156250
0 0.961648 0.609375 0.048295 0.080492
