0 0.166667 0.043367 0.028476 0.061224
0 0.084590 0.316327 0.082077 0.132653
0 0.144054 0.491071 0.130653 0.201531
0 0.289782 0.271684 0.063652 0.094388
0 0.454774 0.469388 0.088777 0.158163
0 0.476549 0.295918 0.061977 0.096939
0 0.461474 0.751276 0.185930 0.288265
0 0.752931 0.556122 0.152429 0.234694
0 0.848409 0.517857 0.095477 0.188776
0 0.866834 0.280612 0.078727 0.117347
0 0.979899 0.187500 0.040201 0.084184
0 0.783082 0.214286 0.035176 0.066327
0 0.750419 0.150510 0.030151 0.056122
0 0.654941 0.158163 0.023451 0.045918
0 0.556114 0.164541 0.020101 0.038265
