0 0.273474 0.660156 0.058685 0.089063
0 0.274061 0.563281 0.038732 0.054688
0 0.233568 0.561719 0.032864 0.054688
0 0.241784 0.522656 0.030516 0.051562
0 0.231808 0.495312 0.026995 0.040625
0 0.190141 0.463281 0.025822 0.039062
0 0.188380 0.520312 0.029343 0.034375
0 0.122653 0.517188 0.026995 0.040625
0 0.125587 0.492969 0.021127 0.029687
0 0.115023 0.467969 0.025822 0.035937
0 0.090962 0.491406 0.026995 0.035937
0 0.074531 0.499219 0.031690 0.035937
0 0.042840 0.478125 0.031690 0.043750
0 0.302817 0.541406 0.032864 0.042188
0 0.301056 0.494531 0.029343 0.039062
0 0.321596 0.443750 0.028169 0.040625
0 0.338615 0.467187 0.024648 0.037500
0 0.353873 0.449219 0.022300 0.035937
0 0.366784 0.473438 0.024648 0.034375
0 0.351526 0.502344 0.031690 0.045312
0 0.430751 0.546875 0.037559 0.059375
0 0.399061 0.542188 0.030516 0.046875
0 0.472418 0.564844 0.045775 0.060937
0 0.432512 0.485156 0.029343 0.035937
0 0.424883 0.462500 0.021127 0.031250
0 0.407864 0.452344 0.019953 0.029687
0 0.384977 0.472656 0.016432 0.023438
0 0.467723 0.466406 0.024648 0.029687
0 0.474178 0.442969 0.021127 0.029687
0 0.495892 0.481250 0.026995 0.043750
0 0.525235 0.505469 0.022300 0.039062
0 0.524648 0.432031 0.018779 0.032813
0 0.535211 0.447656 0.016432 0.026562
0 0.552230 0.431250 0.017606 0.028125
0 0.548709 0.481250 0.024648 0.037500
0 0.572770 0.497656 0.028169 0.042188
0 0.563380 0.560156 0.037559 0.067187
0 0.609742 0.549219 0.043427 0.060937
0 0.620892 0.514062 0.032864 0.043750
0 0.623239 0.448437 0.016432 0.031250
0 0.589789 0.454688 0.024648 0.034375
0 0.615023 0.433594 0.021127 0.035937
0 0.649061 0.454688 0.021127 0.031250
0 0.669601 0.533594 0.036385 0.045312
0 0.659624 0.507812 0.021127 0.028125
0 0.662559 0.438281 0.017606 0.029687
0 0.683099 0.429688 0.018779 0.037500
0 0.725352 0.454688 0.025822 0.034375
0 0.725352 0.432812 0.021127 0.031250
0 0.745892 0.444531 0.017606 0.032813
0 0.742371 0.535937 0.041080 0.062500
0 0.784038 0.509375 0.037559 0.059375
0 0.811620 0.496094 0.029343 0.045312
0 0.781690 0.446875 0.023474 0.040625
0 0.833333 0.529687 0.051643 0.071875
0 0.870892 0.488281 0.035211 0.060937
0 0.865023 0.443750 0.030516 0.046875
0 0.922535 0.478125 0.032864 0.053125
0 0.945423 0.506250 0.041080 0.065625
0 0.933685 0.450781 0.024648 0.035937
