0 0.471094 0.575275 0.106250 0.261934
0 0.664844 0.472460 0.092188 0.195838
0 0.696484 0.384333 0.083594 0.154223
0 0.806641 0.372705 0.075781 0.123623
0 0.840234 0.383109 0.053906 0.127295
0 0.864453 0.299266 0.049219 0.121175
0 0.906250 0.292534 0.035937 0.080783
0 0.928906 0.269890 0.028125 0.067319
0 0.962500 0.283354 0.035937 0.069767
0 0.801562 0.217258 0.029687 0.050184
0 0.803906 0.278458 0.029687 0.062424
0 0.748828 0.255202 0.033594 0.062424
0 0.755078 0.208690 0.027344 0.052632
0 0.684766 0.278458 0.035156 0.069767
0 0.708594 0.271726 0.028125 0.066095
0 0.694922 0.212974 0.032031 0.048960
0 0.642578 0.290698 0.041406 0.099143
0 0.642578 0.241126 0.028906 0.051408
0 0.606250 0.217258 0.031250 0.059976
0 0.583594 0.295594 0.056250 0.113831
0 0.487500 0.269278 0.039062 0.070991
0 0.523828 0.246634 0.027344 0.059976
0 0.552734 0.231946 0.028906 0.057528
0 0.556641 0.199510 0.019531 0.036720
0 0.575391 0.216646 0.019531 0.041616
0 0.453906 0.261934 0.039062 0.066095
0 0.344141 0.276010 0.052344 0.111383
0 0.400781 0.276622 0.039062 0.100367
0 0.376172 0.252142 0.033594 0.075887
0 0.377734 0.208078 0.022656 0.039168
0 0.401562 0.190942 0.026562 0.053856
0 0.319141 0.211138 0.027344 0.057528
0 0.257031 0.313953 0.053125 0.111383
0 0.253125 0.269890 0.045312 0.052632
0 0.266016 0.225214 0.025781 0.046512
0 0.249219 0.190330 0.039062 0.055080
0 0.213672 0.228274 0.039844 0.062424
0 0.176953 0.269278 0.050781 0.083231
0 0.055078 0.333537 0.069531 0.130967
0 0.057813 0.266218 0.050000 0.064871
0 0.058594 0.225826 0.035937 0.052632
0 0.132812 0.242350 0.040625 0.070991
0 0.441016 0.345777 0.085156 0.152999
0 0.460547 0.221542 0.033594 0.048960
