0 0.151875 0.569167 0.078750 0.115000
0 0.133125 0.495000 0.053750 0.080000
0 0.071875 0.450833 0.036250 0.061667
0 0.045000 0.435833 0.042500 0.065000
0 0.011875 0.386667 0.021250 0.040000
0 0.081250 0.365000 0.017500 0.023333
0 0.098125 0.359167 0.016250 0.028333
0 0.096875 0.414167 0.028750 0.045000
0 0.126250 0.421667 0.035000 0.046667
0 0.175625 0.453333 0.043750 0.073333
0 0.165625 0.346667 0.026250 0.043333
0 0.130625 0.358333 0.016250 0.023333
0 0.204375 0.378333 0.021250 0.030000
0 0.231875 0.435833 0.033750 0.051667
0 0.231250 0.501667 0.042500 0.063333
0 0.307500 0.554167 0.072500 0.105000
0 0.325000 0.488333 0.037500 0.060000
0 0.256875 0.406667 0.018750 0.033333
0 0.271250 0.415833 0.025000 0.035000
0 0.303125 0.405000 0.018750 0.036667
0 0.306875 0.385000 0.016250 0.023333
0 0.336250 0.413333 0.022500 0.036667
0 0.331875 0.374167 0.013750 0.021667
0 0.365000 0.440833 0.027500 0.045000
0 0.421250 0.516667 0.045000 0.070000
0 0.527500 0.534167 0.047500 0.085000
0 0.362500 0.375000 0.015000 0.030000
0 0.408125 0.382500 0.013750 0.018333
0 0.421875 0.399167 0.016250 0.028333
0 0.407500 0.420833 0.025000 0.035000
0 0.423125 0.435000 0.031250 0.040000
0 0.454375 0.420833 0.018750 0.031667
0 0.458750 0.389167 0.012500 0.018333
0 0.488125 0.386667 0.013750 0.023333
0 0.499375 0.397500 0.018750 0.025000
0 0.531875 0.434167 0.028750 0.041667
0 0.505625 0.440000 0.023750 0.043333
0 0.485625 0.440833 0.026250 0.048333
0 0.465000 0.435833 0.020000 0.031667
0 0.551250 0.385000 0.012500 0.026667
0 0.555000 0.400833 0.015000 0.025000
0 0.568125 0.405000 0.016250 0.030000
0 0.581875 0.420000 0.021250 0.036667
0 0.593125 0.396667 0.016250 0.026667
0 0.551875 0.423333 0.018750 0.026667
0 0.540625 0.473333 0.033750 0.053333
0 0.601250 0.478333 0.030000 0.053333
0 0.626250 0.479167 0.035000 0.065000
0 0.622500 0.436667 0.027500 0.036667
0 0.648125 0.415000 0.021250 0.033333
0 0.673125 0.403333 0.013750 0.026667
0 0.673125 0.462500 0.031250 0.055000
0 0.698750 0.427500 0.025000 0.045000
0 0.726250 0.419167 0.015000 0.025000
0 0.751250 0.433333 0.020000 0.036667
0 0.733125 0.484167 0.036250 0.061667
0 0.773750 0.458333 0.020000 0.036667
0 0.797500 0.434167 0.027500 0.038333
0 0.785625 0.415000 0.016250 0.026667
0 0.821875 0.439167 0.018750 0.035000
0 0.824375 0.419167 0.016250 0.025000
0 0.840000 0.435000 0.017500 0.030000
0 0.863125 0.458333 0.021250 0.040000
0 0.798750 0.502500 0.042500 0.068333
0 0.831250 0.496667 0.035000 0.070000
0 0.887500 0.487500 0.037500 0.058333
0 0.892500 0.452500 0.027500 0.041667
0 0.917500 0.490000 0.025000 0.060000
0 0.944375 0.486667 0.026250 0.060000
0 0.934375 0.434167 0.016250 0.028333
0 0.945000 0.432500 0.015000 0.028333
