0 0.043125 0.615833 0.078750 0.121667
0 0.144375 0.681667 0.126250 0.193333
0 0.238125 0.783333 0.151250 0.206667
0 0.276250 0.554167 0.072500 0.091667
0 0.175000 0.567500 0.050000 0.065000
0 0.379375 0.588333 0.083750 0.110000
0 0.421875 0.541667 0.058750 0.086667
0 0.365625 0.350833 0.043750 0.071667
0 0.533750 0.614167 0.062500 0.111667
0 0.563750 0.637500 0.085000 0.118333
0 0.533750 0.530000 0.055000 0.070000
0 0.664375 0.536667 0.063750 0.090000
0 0.730000 0.570833 0.072500 0.085000
0 0.734375 0.652500 0.096250 0.135000
0 0.755625 0.532500 0.041250 0.075000
0 0.845625 0.531667 0.041250 0.060000
0 0.876875 0.525000 0.043750 0.066667
0 0.885625 0.587500 0.076250 0.105000
0 0.960625 0.516667 0.051250 0.060000
0 0.817500 0.729167 0.107500 0.168333
