0 0.012186 0.567511 0.022848 0.063291
0 0.072353 0.533052 0.015232 0.033755
0 0.070449 0.500703 0.019040 0.036568
0 0.096344 0.526723 0.015994 0.037975
0 0.114242 0.512658 0.015232 0.035162
0 0.121858 0.542194 0.019802 0.043601
0 0.146992 0.561181 0.033511 0.056259
0 0.147753 0.514065 0.015232 0.035162
0 0.169459 0.504219 0.015994 0.032349
0 0.178599 0.499297 0.015994 0.045007
0 0.194212 0.497890 0.013709 0.036568
0 0.209063 0.509845 0.011424 0.026723
0 0.218203 0.489451 0.014471 0.033755
0 0.223153 0.529536 0.019802 0.043601
0 0.208302 0.542897 0.022087 0.042194
0 0.209444 0.599156 0.035034 0.064698
0 0.265423 0.542897 0.023610 0.042194
0 0.246382 0.502110 0.014471 0.033755
0 0.239528 0.497890 0.008378 0.022504
0 0.265042 0.493671 0.012186 0.030942
0 0.281797 0.528833 0.016756 0.039381
0 0.305407 0.550633 0.025895 0.049226
0 0.319117 0.525316 0.016756 0.043601
0 0.341584 0.548523 0.023610 0.053446
0 0.337776 0.597046 0.037319 0.077356
0 0.301599 0.494374 0.013709 0.035162
0 0.292841 0.485232 0.011424 0.028129
0 0.311881 0.474684 0.012947 0.026723
0 0.346535 0.515471 0.019802 0.035162
0 0.370526 0.537975 0.019040 0.052039
0 0.402894 0.551336 0.022848 0.056259
0 0.397944 0.510549 0.017517 0.036568
0 0.404037 0.482419 0.017517 0.039381
0 0.390327 0.472574 0.011424 0.033755
0 0.386139 0.443038 0.012186 0.025316
0 0.369002 0.460619 0.014471 0.029536
0 0.369002 0.508439 0.015994 0.040788
0 0.358340 0.491561 0.012947 0.029536
0 0.346535 0.471871 0.012186 0.029536
0 0.421935 0.509142 0.016756 0.039381
0 0.433359 0.488045 0.012186 0.033755
0 0.420792 0.464135 0.011424 0.025316
0 0.440213 0.460619 0.010663 0.029536
0 0.454303 0.514768 0.022087 0.036568
0 0.458492 0.545710 0.024372 0.053446
0 0.485910 0.529536 0.019802 0.049226
0 0.470678 0.485935 0.018279 0.046414
0 0.504950 0.491561 0.015232 0.035162
0 0.531607 0.533052 0.024372 0.053446
0 0.530084 0.501406 0.016756 0.032349
0 0.535034 0.465541 0.011424 0.028129
0 0.519040 0.471167 0.009901 0.019691
0 0.516756 0.484529 0.011424 0.023910
0 0.569688 0.513361 0.018279 0.042194
0 0.579589 0.502813 0.016756 0.032349
0 0.571592 0.482419 0.009901 0.025316
0 0.566641 0.466245 0.010663 0.021097
0 0.598629 0.466948 0.010663 0.028129
0 0.604341 0.483122 0.014471 0.035162
0 0.614623 0.504219 0.013709 0.029536
0 0.626047 0.473980 0.012186 0.030942
0 0.640899 0.485935 0.014471 0.037975
0 0.635187 0.467651 0.012186 0.032349
0 0.665651 0.458509 0.015232 0.030942
0 0.672506 0.479606 0.016756 0.033755
0 0.697639 0.478903 0.013709 0.035162
0 0.721630 0.462025 0.011424 0.029536
0 0.583397 0.603376 0.033511 0.081575
0 0.638614 0.561181 0.031226 0.073136
0 0.689642 0.549226 0.022087 0.060478
0 0.711729 0.552039 0.028180 0.074543
0 0.731150 0.519691 0.024372 0.046414
0 0.699162 0.633615 0.039604 0.080169
0 0.759330 0.655415 0.048743 0.078762
0 0.774562 0.581575 0.033511 0.068917
0 0.754760 0.554852 0.022848 0.057665
0 0.765042 0.526723 0.022087 0.043601
0 0.782559 0.488045 0.017517 0.042194
0 0.795506 0.476090 0.019040 0.040788
0 0.800838 0.513361 0.025133 0.050633
0 0.824829 0.484529 0.015232 0.043601
0 0.840442 0.484529 0.014471 0.037975
0 0.845392 0.457103 0.012186 0.028129
0 0.846915 0.417018 0.012186 0.032349
0 0.892232 0.408579 0.014471 0.035162
0 0.884235 0.415612 0.012186 0.029536
0 0.882331 0.487342 0.019040 0.040788
0 0.855293 0.521800 0.025895 0.053446
0 0.833206 0.567511 0.021325 0.068917
0 0.867098 0.656118 0.051028 0.113924
0 0.907845 0.570323 0.036558 0.074543
0 0.911272 0.516878 0.023610 0.049226
0 0.915842 0.488748 0.020564 0.046414
0 0.931074 0.477496 0.015994 0.037975
0 0.925743 0.443741 0.015994 0.035162
0 0.947829 0.421941 0.017517 0.033755
0 0.976009 0.407173 0.014471 0.037975
0 0.962300 0.552743 0.064737 0.129395
