0 0.826875 0.654315 0.078750 0.115385
0 0.760000 0.618199 0.051250 0.076923
0 0.627812 0.611163 0.055625 0.087242
0 0.529062 0.669325 0.073125 0.113508
0 0.466250 0.605066 0.052500 0.084428
0 0.414687 0.905253 0.219375 0.181989
0 0.268750 0.681520 0.065000 0.113508
0 0.275625 0.637899 0.057500 0.075047
0 0.279062 0.547842 0.036875 0.050657
0 0.324062 0.534709 0.028125 0.035647
0 0.171875 0.605066 0.047500 0.067542
0 0.150000 0.581614 0.038750 0.054409
0 0.149688 0.551126 0.033125 0.044090
0 0.169063 0.519700 0.024375 0.045028
0 0.107813 0.546904 0.033125 0.048780
0 0.058750 0.593809 0.063750 0.090056
0 0.120625 0.679644 0.082500 0.121013
0 0.041250 0.495779 0.026250 0.047842
0 0.073750 0.475610 0.023750 0.035647
0 0.098437 0.492495 0.025625 0.037523
0 0.067812 0.453096 0.016875 0.028143
0 0.135313 0.462946 0.018125 0.030957
0 0.154375 0.491088 0.022500 0.036585
0 0.146250 0.448874 0.013750 0.025328
0 0.185312 0.466698 0.018125 0.029081
0 0.188750 0.451220 0.017500 0.028143
0 0.215000 0.485929 0.021250 0.031895
0 0.243125 0.511726 0.023750 0.038462
0 0.240937 0.466698 0.014375 0.029081
0 0.268437 0.482645 0.018125 0.030957
0 0.273125 0.453565 0.016250 0.030957
0 0.302187 0.458255 0.015625 0.023452
0 0.336562 0.454034 0.014375 0.024390
0 0.305312 0.495779 0.020625 0.036585
0 0.325625 0.454972 0.011250 0.022514
0 0.365000 0.459193 0.017500 0.025328
0 0.396875 0.475141 0.016250 0.023452
0 0.405625 0.458724 0.013750 0.028143
0 0.417187 0.444653 0.014375 0.030019
0 0.435937 0.467636 0.016875 0.032833
0 0.442188 0.490150 0.018125 0.027205
0 0.450937 0.466229 0.014375 0.022514
0 0.482187 0.479362 0.020625 0.028143
0 0.485312 0.454972 0.014375 0.022514
0 0.500313 0.448874 0.010625 0.025328
0 0.499063 0.482645 0.018125 0.032833
0 0.509687 0.522045 0.019375 0.036585
0 0.531250 0.481238 0.015000 0.030019
0 0.534062 0.455910 0.016875 0.030019
0 0.555937 0.499062 0.020625 0.037523
0 0.561250 0.529081 0.018750 0.028143
0 0.581562 0.502814 0.014375 0.028143
0 0.575625 0.474672 0.016250 0.030019
0 0.574375 0.454503 0.013750 0.027205
0 0.622812 0.474672 0.016875 0.031895
0 0.635312 0.522514 0.020625 0.031895
0 0.652188 0.486867 0.014375 0.026266
0 0.667188 0.498593 0.018125 0.032833
0 0.687187 0.494841 0.015625 0.025328
0 0.705625 0.487336 0.023750 0.044090
0 0.707500 0.462946 0.012500 0.029081
0 0.734375 0.504690 0.013750 0.020638
0 0.758750 0.507974 0.018750 0.034709
0 0.729375 0.488743 0.013750 0.022514
