0 0.193125 0.373884 0.098750 0.194196
0 0.390000 0.366071 0.082500 0.147321
0 0.547500 0.331473 0.082500 0.158482
0 0.635000 0.375000 0.085000 0.174107
0 0.743125 0.431920 0.103750 0.203125
0 0.538750 0.186384 0.030000 0.051339
0 0.576875 0.166295 0.028750 0.069196
0 0.471875 0.187500 0.011250 0.031250
0 0.457500 0.190848 0.015000 0.033482
0 0.433125 0.180804 0.018750 0.040179
0 0.396250 0.164062 0.027500 0.051339
0 0.346250 0.270089 0.032500 0.053571
0 0.323125 0.185268 0.023750 0.044643
0 0.288750 0.198661 0.025000 0.053571
0 0.223125 0.171875 0.051250 0.075893
0 0.155000 0.152902 0.037500 0.073661
0 0.097500 0.174107 0.052500 0.071429
0 0.029375 0.206473 0.031250 0.051339
