0 0.025000 0.570258 0.046875 0.091335
0 0.109375 0.543326 0.043750 0.056206
0 0.161719 0.526932 0.032813 0.051522
0 0.231250 0.618267 0.043750 0.060890
0 0.163281 0.590164 0.039062 0.070258
0 0.342187 0.591335 0.053125 0.086651
0 0.365625 0.567916 0.031250 0.063232
0 0.370312 0.539813 0.025000 0.063232
0 0.392969 0.540984 0.026562 0.070258
0 0.499219 0.385246 0.035937 0.053864
0 0.696875 0.543326 0.040625 0.070258
0 0.764062 0.583138 0.053125 0.084309
0 0.730469 0.584309 0.035937 0.077283
0 0.867969 0.542155 0.070312 0.128806
