0 0.026620 0.412294 0.052469 0.073560
0 0.101466 0.489969 0.065586 0.085905
0 0.096258 0.583333 0.088349 0.115226
0 0.149113 0.431842 0.047454 0.068416
0 0.155864 0.390432 0.040123 0.052469
0 0.273534 0.550926 0.070988 0.100823
0 0.314429 0.432356 0.047068 0.067387
0 0.281250 0.410237 0.042438 0.065329
0 0.327932 0.298354 0.031636 0.049383
0 0.467593 0.464249 0.060957 0.088992
0 0.453318 0.440072 0.047840 0.070473
0 0.454282 0.658436 0.098380 0.141975
0 0.553241 0.605967 0.073302 0.118313
0 0.852431 0.735597 0.137731 0.169753
0 0.968171 0.610082 0.063657 0.120370
0 0.848380 0.343364 0.045525 0.070473
