0 0.037500 0.581111 0.065000 0.104444
0 0.127500 0.554444 0.055000 0.073333
0 0.188333 0.580000 0.093333 0.128889
0 0.284167 0.571111 0.091667 0.133333
0 0.396667 0.527778 0.103333 0.135556
0 0.445833 0.537778 0.041667 0.075556
0 0.519167 0.542222 0.071667 0.102222
0 0.573333 0.506667 0.050000 0.075556
0 0.596667 0.545556 0.060000 0.082222
0 0.658333 0.535556 0.073333 0.111111
0 0.707500 0.503333 0.058333 0.086667
0 0.798333 0.490000 0.086667 0.135556
0 0.780000 0.343333 0.026667 0.046667
0 0.935000 0.503333 0.066667 0.086667
0 0.972500 0.474444 0.055000 0.108889
0 0.846667 0.502222 0.050000 0.075556
