0 0.093333 0.433432 0.057778 0.079882
0 0.182222 0.495562 0.075556 0.109467
0 0.230000 0.495562 0.068889 0.103550
0 0.356667 0.550296 0.117778 0.153846
0 0.393333 0.454142 0.044444 0.068047
0 0.341111 0.350592 0.042222 0.056213
0 0.513333 0.486686 0.053333 0.073964
0 0.602222 0.446746 0.035556 0.059172
0 0.664444 0.502959 0.075556 0.094675
0 0.630000 0.501479 0.042222 0.068047
0 0.643333 0.445266 0.033333 0.050296
0 0.594444 0.886095 0.260000 0.227811
0 0.710000 0.464497 0.064444 0.071006
0 0.771111 0.471893 0.066667 0.097633
0 0.821111 0.460059 0.037778 0.068047
0 0.868889 0.485207 0.088889 0.130178
0 0.965556 0.523669 0.068889 0.112426
0 0.972222 0.474852 0.055556 0.085799
