0 0.056667 0.407459 0.056667 0.091160
0 0.093333 0.381215 0.043333 0.099448
0 0.148333 0.379834 0.043333 0.080110
0 0.181667 0.352210 0.030000 0.058011
0 0.240833 0.374309 0.045000 0.080110
0 0.281667 0.354972 0.030000 0.063536
0 0.319167 0.349448 0.028333 0.052486
0 0.350000 0.330110 0.020000 0.041436
0 0.365000 0.348066 0.026667 0.055249
0 0.385833 0.346685 0.025000 0.058011
0 0.405000 0.331492 0.023333 0.049724
0 0.443333 0.339779 0.036667 0.071823
0 0.475833 0.337017 0.021667 0.038674
0 0.495000 0.323204 0.020000 0.049724
0 0.507500 0.348066 0.025000 0.055249
0 0.512500 0.314917 0.021667 0.049724
0 0.530000 0.335635 0.020000 0.041436
0 0.547500 0.395028 0.058333 0.104972
0 0.542500 0.323204 0.021667 0.038674
0 0.579167 0.339779 0.031667 0.066298
0 0.605833 0.321823 0.021667 0.046961
0 0.630000 0.330110 0.023333 0.046961
0 0.647500 0.292818 0.018333 0.038674
0 0.683333 0.277624 0.020000 0.035912
0 0.697500 0.270718 0.025000 0.044199
0 0.712500 0.335635 0.031667 0.069061
0 0.669167 0.383978 0.055000 0.121547
0 0.615833 0.457182 0.088333 0.151934
0 0.636667 0.633978 0.136667 0.262431
0 0.405833 0.459945 0.085000 0.146409
0 0.199167 0.486188 0.121667 0.215470
0 0.731667 0.388122 0.043333 0.085635
0 0.733333 0.324586 0.020000 0.041436
0 0.795000 0.487569 0.093333 0.168508
0 0.810833 0.400552 0.061667 0.088398
0 0.810833 0.334254 0.031667 0.066298
0 0.846667 0.364641 0.023333 0.060773
0 0.878333 0.357735 0.046667 0.107735
0 0.910833 0.357735 0.028333 0.074586
0 0.925000 0.366022 0.026667 0.063536
