0 0.016667 0.452083 0.030556 0.075000
0 0.094444 0.431250 0.050000 0.079167
0 0.108333 0.460417 0.041667 0.079167
0 0.090278 0.498958 0.055556 0.085417
0 0.076389 0.614583 0.083333 0.133333
0 0.197917 0.578125 0.076389 0.122917
0 0.245139 0.489583 0.054167 0.091667
0 0.320139 0.563542 0.070833 0.131250
0 0.223611 0.767708 0.102778 0.156250
0 0.277778 0.717708 0.080556 0.164583
0 0.468750 0.595833 0.065278 0.095833
0 0.456944 0.522917 0.055556 0.095833
0 0.508333 0.725000 0.111111 0.212500
0 0.557639 0.657292 0.065278 0.131250
0 0.529167 0.560417 0.066667 0.120833
0 0.562500 0.556250 0.044444 0.104167
0 0.671528 0.558333 0.070833 0.104167
0 0.751389 0.637500 0.088889 0.150000
0 0.801389 0.564583 0.055556 0.095833
0 0.841667 0.613542 0.061111 0.102083
0 0.910417 0.647917 0.076389 0.125000
0 0.945833 0.575000 0.050000 0.091667
0 0.976389 0.598958 0.036111 0.081250
0 0.872222 0.331250 0.058333 0.108333
