0 0.500943 0.373938 0.028302 0.050992
0 0.056604 0.899433 0.109434 0.178470
0 0.122642 0.613314 0.067925 0.076487
0 0.199057 0.628895 0.066038 0.090652
0 0.270755 0.599150 0.047170 0.065156
0 0.338679 0.654391 0.066038 0.084986
0 0.431132 0.689802 0.081132 0.127479
0 0.484906 0.623229 0.060377 0.090652
0 0.579245 0.556657 0.041509 0.076487
0 0.622642 0.637394 0.052830 0.073654
0 0.656604 0.553824 0.037736 0.070822
0 0.693396 0.601983 0.035849 0.053824
0 0.765094 0.536827 0.047170 0.070822
0 0.833962 0.541076 0.033962 0.062323
0 0.924528 0.559490 0.045283 0.087819
0 0.974528 0.555241 0.039623 0.056657
0 0.980189 0.610482 0.039623 0.070822
0 0.966038 0.667139 0.067925 0.093484
0 0.859434 0.702550 0.088679 0.152975
0 0.796226 0.781870 0.147170 0.203966
0 0.776415 0.640227 0.062264 0.096317
0 0.711321 0.555241 0.033962 0.056657
0 0.687736 0.539660 0.024528 0.042493
0 0.433962 0.519830 0.033962 0.053824
0 0.381132 0.543909 0.037736 0.056657
0 0.398113 0.584986 0.041509 0.059490
0 0.283962 0.556657 0.032075 0.059490
0 0.252830 0.524079 0.030189 0.045326
0 0.310377 0.524079 0.028302 0.045326
0 0.154717 0.569405 0.049057 0.062323
0 0.184906 0.541076 0.030189 0.056657
0 0.146226 0.515581 0.024528 0.045326
0 0.116038 0.550992 0.032075 0.053824
0 0.121698 0.532578 0.028302 0.039660
0 0.065094 0.525496 0.032075 0.048159
