0 0.497292 0.355422 0.027076 0.040964
0 0.121841 0.739759 0.124549 0.187952
0 0.074910 0.615663 0.088448 0.118072
0 0.057762 0.533735 0.050542 0.069880
0 0.039711 0.485542 0.050542 0.055422
0 0.018953 0.519277 0.034296 0.060241
0 0.105596 0.498795 0.048736 0.057831
0 0.147112 0.546988 0.059567 0.072289
0 0.166065 0.477108 0.043321 0.057831
0 0.227437 0.583133 0.072202 0.106024
0 0.295126 0.579518 0.052347 0.065060
0 0.314079 0.528916 0.046931 0.060241
0 0.270758 0.468675 0.036101 0.055422
0 0.239170 0.455422 0.037906 0.048193
0 0.384477 0.578313 0.072202 0.115663
0 0.370036 0.779518 0.140794 0.214458
0 0.516245 0.556627 0.054152 0.081928
0 0.604693 0.691566 0.086643 0.130120
0 0.622744 0.549398 0.046931 0.077108
0 0.092960 0.455422 0.027076 0.038554
0 0.394404 0.504819 0.041516 0.050602
0 0.361011 0.477108 0.028881 0.038554
0 0.329422 0.492771 0.027076 0.036145
0 0.307762 0.469880 0.023466 0.033735
0 0.334838 0.456627 0.023466 0.040964
0 0.379964 0.457831 0.027076 0.028916
0 0.429603 0.469880 0.028881 0.038554
0 0.469314 0.545783 0.039711 0.069880
0 0.590253 0.492771 0.043321 0.055422
0 0.636282 0.487952 0.034296 0.050602
0 0.611913 0.455422 0.025271 0.043373
0 0.670578 0.457831 0.037906 0.053012
0 0.678700 0.532530 0.043321 0.067470
0 0.722924 0.583133 0.077617 0.096386
0 0.747292 0.522892 0.050542 0.057831
0 0.749097 0.475904 0.036101 0.050602
0 0.723827 0.468675 0.028881 0.050602
0 0.785199 0.481928 0.028881 0.053012
0 0.821300 0.469880 0.036101 0.053012
0 0.833935 0.579518 0.050542 0.074699
0 0.845668 0.531325 0.048736 0.065060
0 0.875451 0.500000 0.032491 0.055422
0 0.876354 0.472289 0.030686 0.048193
0 0.916065 0.502410 0.030686 0.045783
0 0.959386 0.531325 0.052347 0.089157
0 0.909747 0.860241 0.169675 0.279518
0 0.908845 0.667470 0.120939 0.163855
