0 0.219082 0.437500 0.105053 0.202000
0 0.304854 0.528000 0.083112 0.152000
0 0.128324 0.496250 0.037234 0.067500
0 0.077793 0.864000 0.144282 0.259000
0 0.157247 0.817500 0.133644 0.250000
0 0.418883 0.474500 0.035239 0.080000
0 0.450299 0.490500 0.041556 0.079000
0 0.489528 0.527250 0.086769 0.137500
0 0.545379 0.467500 0.062168 0.123000
0 0.609375 0.507750 0.061835 0.117500
0 0.679023 0.481750 0.101396 0.167500
0 0.802693 0.568500 0.021609 0.050000
0 0.855552 0.578500 0.026263 0.051000
0 0.976562 0.597500 0.024269 0.049000
0 0.911569 0.498250 0.033245 0.063500
