0 0.060000 0.326000 0.064000 0.160000
0 0.114000 0.332000 0.080000 0.160000
0 0.226000 0.323000 0.080000 0.186000
0 0.308500 0.277000 0.109000 0.226000
0 0.397000 0.358000 0.120000 0.248000
0 0.557000 0.326000 0.148000 0.336000
0 0.658000 0.163000 0.050000 0.126000
0 0.732000 0.205000 0.072000 0.150000
0 0.873500 0.355000 0.233000 0.574000
0 0.927500 0.078000 0.063000 0.132000
0 0.817000 0.049000 0.036000 0.078000
0 0.681000 0.082000 0.042000 0.096000
0 0.600500 0.055000 0.031000 0.078000
0 0.551500 0.044000 0.031000 0.060000
0 0.514500 0.057000 0.027000 0.058000
0 0.478500 0.097000 0.027000 0.058000
0 0.438000 0.104000 0.036000 0.080000
0 0.343500 0.142000 0.035000 0.084000
0 0.330000 0.113000 0.030000 0.058000
0 0.359000 0.107000 0.026000 0.062000
0 0.283000 0.124000 0.026000 0.064000
0 0.238000 0.167000 0.038000 0.066000
0 0.231500 0.114000 0.033000 0.064000
0 0.153500 0.159000 0.037000 0.074000
0 0.105000 0.193000 0.038000 0.082000
0 0.080000 0.174000 0.032000 0.064000
0 0.024500 0.158000 0.033000 0.064000
