0 0.041504 0.357670 0.053711 0.084071
0 0.065430 0.286873 0.048828 0.078171
0 0.149414 0.291298 0.044922 0.063422
0 0.203125 0.250737 0.037109 0.053097
0 0.133301 0.227139 0.036133 0.064897
0 0.042969 0.762537 0.080078 0.165192
0 0.196777 0.479351 0.071289 0.117994
0 0.324707 0.359145 0.047852 0.072271
0 0.366699 0.463127 0.071289 0.126844
0 0.291504 0.725664 0.106445 0.182891
0 0.413574 0.356195 0.047852 0.081121
0 0.364746 0.264749 0.040039 0.066372
0 0.383789 0.239676 0.031250 0.051622
0 0.454102 0.264749 0.041016 0.066372
0 0.477539 0.225664 0.037109 0.061947
0 0.627441 0.239676 0.032227 0.063422
0 0.631348 0.115782 0.024414 0.039823
0 0.645020 0.280236 0.034180 0.070796
0 0.670898 0.337021 0.048828 0.092920
0 0.704590 0.236726 0.032227 0.060472
0 0.731445 0.280236 0.039062 0.067847
0 0.788086 0.345133 0.056641 0.094395
0 0.713867 0.473451 0.068359 0.115044
0 0.753906 0.663717 0.101562 0.188791
0 0.873535 0.446165 0.067383 0.128319
0 0.979980 0.279499 0.040039 0.057522
0 0.958496 0.228614 0.038086 0.058997
0 0.904297 0.234513 0.039062 0.070796
