0 0.035556 0.440000 0.066667 0.100000
0 0.022222 0.356667 0.040000 0.073333
0 0.096667 0.363333 0.051111 0.086667
0 0.182222 0.391667 0.057778 0.076667
0 0.170000 0.445000 0.055556 0.076667
0 0.212222 0.540000 0.077778 0.120000
0 0.280000 0.605000 0.093333 0.136667
0 0.211111 0.316667 0.035556 0.073333
0 0.235556 0.333333 0.035556 0.060000
0 0.277778 0.325000 0.040000 0.056667
0 0.315556 0.345000 0.040000 0.070000
0 0.366667 0.478333 0.066667 0.103333
0 0.435556 0.351667 0.044444 0.070000
0 0.407778 0.311667 0.033333 0.050000
0 0.390000 0.303333 0.024444 0.046667
0 0.452222 0.321667 0.028889 0.043333
0 0.483333 0.335000 0.033333 0.063333
0 0.584444 0.381667 0.044444 0.076667
0 0.515556 0.496667 0.066667 0.120000
0 0.434444 0.778333 0.122222 0.210000
0 0.716667 0.761667 0.108889 0.216667
0 0.645556 0.500000 0.064444 0.106667
0 0.644444 0.421667 0.057778 0.076667
0 0.673333 0.356667 0.044444 0.066667
0 0.763333 0.440000 0.055556 0.086667
0 0.764444 0.373333 0.044444 0.073333
0 0.765556 0.535000 0.073333 0.136667
0 0.833333 0.466667 0.062222 0.093333
0 0.837778 0.390000 0.048889 0.073333
0 0.843333 0.685000 0.113333 0.183333
0 0.926667 0.385000 0.057778 0.083333
0 0.981111 0.403333 0.037778 0.073333
