0 0.285362 0.607143 0.126645 0.209677
0 0.224507 0.397465 0.077303 0.122120
0 0.333882 0.314516 0.062500 0.099078
0 0.472039 0.426267 0.078947 0.115207
0 0.581414 0.380184 0.064145 0.115207
0 0.568257 0.558756 0.110197 0.154378
0 0.810855 0.554147 0.095395 0.163594
0 0.944079 0.450461 0.088816 0.149770
0 0.879934 0.073733 0.095395 0.119816
0 0.778783 0.347926 0.070724 0.092166
0 0.822368 0.330645 0.046053 0.066820
0 0.583059 0.246544 0.057566 0.073733
0 0.523849 0.247696 0.044408 0.076037
0 0.553454 0.243088 0.034539 0.057604
0 0.438322 0.223502 0.037829 0.064516
0 0.404605 0.248848 0.046053 0.069124
0 0.349507 0.197005 0.034539 0.057604
0 0.305099 0.210829 0.034539 0.057604
0 0.138980 0.267281 0.047697 0.082949
0 0.168586 0.213134 0.041118 0.071429
0 0.086349 0.184332 0.041118 0.069124
0 0.038651 0.222350 0.050987 0.071429
0 0.045230 0.314516 0.067434 0.099078
