0 0.211977 0.843081 0.152091 0.245364
0 0.139734 0.654779 0.079848 0.105563
0 0.134981 0.592011 0.070342 0.085592
0 0.108840 0.547789 0.050380 0.057061
0 0.119297 0.507133 0.037072 0.055635
0 0.084601 0.504993 0.043726 0.054208
0 0.040875 0.574893 0.060837 0.091298
0 0.018061 0.509272 0.034221 0.051355
0 0.241445 0.499287 0.032319 0.042796
0 0.215779 0.489301 0.026616 0.037090
0 0.223384 0.470756 0.032319 0.037090
0 0.278517 0.473609 0.032319 0.045649
0 0.308460 0.496434 0.033270 0.039943
0 0.314163 0.462910 0.027567 0.038516
0 0.341730 0.508559 0.035171 0.061341
0 0.365494 0.497147 0.019962 0.044223
0 0.345057 0.472183 0.024715 0.034237
0 0.382129 0.482882 0.026616 0.044223
0 0.404943 0.470043 0.026616 0.041369
0 0.429183 0.502853 0.042776 0.058488
0 0.450095 0.534950 0.050380 0.068474
0 0.444392 0.476462 0.023764 0.042796
0 0.455323 0.458631 0.024715 0.038516
0 0.318441 0.400143 0.017110 0.032810
0 0.494297 0.501427 0.038023 0.055635
0 0.500475 0.458631 0.023764 0.029957
0 0.542300 0.456491 0.025665 0.042796
0 0.561787 0.480742 0.022814 0.054208
0 0.537548 0.547076 0.046578 0.069900
0 0.641160 0.593438 0.067490 0.097004
0 0.629278 0.535663 0.051331 0.064194
0 0.586502 0.489301 0.038023 0.054208
0 0.612167 0.470043 0.026616 0.044223
0 0.588878 0.446505 0.025665 0.031384
0 0.641635 0.457204 0.022814 0.041369
0 0.646388 0.492154 0.034221 0.048502
0 0.665399 0.457917 0.024715 0.045649
0 0.706274 0.506419 0.047529 0.068474
0 0.710076 0.462910 0.028517 0.044223
0 0.744297 0.470756 0.032319 0.045649
0 0.787072 0.480742 0.026616 0.054208
0 0.805133 0.497860 0.036122 0.057061
0 0.817490 0.552782 0.062738 0.081312
0 0.851236 0.691155 0.115019 0.218260
0 0.930133 0.674750 0.088403 0.168331
0 0.884981 0.557775 0.068441 0.094151
0 0.843156 0.494294 0.043726 0.061341
0 0.864068 0.456491 0.032319 0.054208
0 0.963403 0.524964 0.056084 0.099857
0 0.977662 0.460057 0.044677 0.061341
