0 0.083669 0.658098 0.080141 0.111223
0 0.081779 0.517977 0.035030 0.042675
0 0.154360 0.502856 0.030494 0.038642
0 0.175781 0.478327 0.022933 0.036626
0 0.258569 0.502856 0.025202 0.038642
0 0.294859 0.488911 0.022681 0.031586
0 0.232989 0.589382 0.059728 0.077285
0 0.387979 0.493112 0.022933 0.037970
0 0.419733 0.482863 0.028478 0.029570
0 0.402974 0.542003 0.037298 0.057796
0 0.446825 0.527722 0.027722 0.046035
0 0.521295 0.482863 0.021925 0.031586
0 0.506804 0.500336 0.032762 0.039651
0 0.838206 0.422379 0.074093 0.093414
