0 0.141357 0.337240 0.043457 0.069010
0 0.193359 0.352214 0.045898 0.087240
0 0.265869 0.379232 0.043457 0.073568
0 0.299805 0.396159 0.044922 0.070964
0 0.277588 0.454753 0.064941 0.087891
0 0.345947 0.440755 0.052246 0.078125
0 0.359131 0.357096 0.049316 0.078776
0 0.391602 0.416341 0.048828 0.074870
0 0.442383 0.410156 0.047852 0.083333
0 0.377930 0.553711 0.064453 0.097005
0 0.459473 0.347982 0.048828 0.093099
0 0.510986 0.415365 0.047363 0.087240
0 0.550537 0.352539 0.054199 0.098307
0 0.608643 0.410482 0.043457 0.089193
0 0.657227 0.386068 0.046875 0.095052
0 0.684082 0.446615 0.051758 0.082031
0 0.735107 0.353516 0.056152 0.085938
0 0.767578 0.429688 0.052734 0.096354
