0 0.052941 0.462898 0.087059 0.141343
0 0.088235 0.409894 0.068235 0.113074
0 0.109412 0.265018 0.058824 0.106007
0 0.160000 0.325088 0.047059 0.077739
0 0.202353 0.252650 0.032941 0.053004
0 0.237647 0.259717 0.051765 0.102473
0 0.236471 0.528269 0.115294 0.173145
0 0.340000 0.399293 0.072941 0.127208
0 0.363529 0.636042 0.115294 0.169611
0 0.491765 0.450530 0.070588 0.116608
0 0.471765 0.390459 0.054118 0.074205
0 0.597647 0.388693 0.056471 0.106007
0 0.710588 0.577739 0.098824 0.151943
0 0.807059 0.436396 0.070588 0.102473
0 0.916471 0.500000 0.082353 0.144876
