0 0.204572 0.444366 0.045718 0.101878
0 0.254485 0.385211 0.033854 0.061502
0 0.263166 0.324883 0.026331 0.054460
0 0.284722 0.292488 0.025463 0.052582
0 0.266927 0.231455 0.018808 0.035681
0 0.232928 0.233803 0.021991 0.035681
0 0.198495 0.291080 0.032407 0.059155
0 0.159722 0.341784 0.028935 0.052582
0 0.151765 0.236385 0.030961 0.043662
0 0.110966 0.301878 0.027488 0.053521
0 0.132957 0.381221 0.045428 0.071362
0 0.064381 0.370657 0.039062 0.068075
0 0.022280 0.325352 0.029514 0.058216
0 0.035012 0.248357 0.028935 0.053521
0 0.340422 0.411033 0.041377 0.092488
0 0.336806 0.332160 0.028935 0.055869
0 0.331453 0.296948 0.030382 0.041784
0 0.302662 0.234742 0.021412 0.029108
0 0.356481 0.172300 0.029514 0.048826
0 0.406395 0.208685 0.016493 0.037089
0 0.367766 0.274413 0.021991 0.050235
0 0.419560 0.263380 0.021991 0.043192
0 0.409144 0.317136 0.028935 0.056808
0 0.466725 0.387559 0.049190 0.072770
0 0.438223 0.566197 0.070312 0.128638
0 0.549334 0.484038 0.066840 0.118310
0 0.548611 0.366197 0.043403 0.065728
0 0.558738 0.305869 0.024884 0.050235
0 0.545573 0.271831 0.019387 0.040376
0 0.499421 0.284038 0.028935 0.051643
0 0.452980 0.280047 0.022859 0.050235
0 0.468461 0.256103 0.016782 0.038028
0 0.499711 0.207512 0.018519 0.032864
0 0.582031 0.252817 0.016493 0.038028
0 0.603154 0.292019 0.029803 0.051643
0 0.635127 0.273005 0.021991 0.044601
0 0.670284 0.275587 0.022280 0.041315
0 0.660012 0.319484 0.037037 0.061502
0 0.629340 0.439437 0.053241 0.098592
0 0.708189 0.379108 0.041377 0.075587
0 0.715422 0.308216 0.030961 0.054930
0 0.751591 0.282864 0.027488 0.055869
0 0.811487 0.339437 0.030382 0.070423
0 0.863571 0.338263 0.035012 0.077465
0 0.904948 0.314554 0.033854 0.052582
0 0.926939 0.300235 0.018808 0.050235
