0 0.773333 0.640704 0.213333 0.185930
0 0.165000 0.515075 0.150000 0.140704
0 0.255000 0.487437 0.096667 0.095477
0 0.358333 0.449749 0.083333 0.075377
0 0.400000 0.424623 0.060000 0.065327
0 0.415000 0.376884 0.043333 0.035176
0 0.481667 0.403266 0.056667 0.047739
0 0.568333 0.472362 0.090000 0.095477
0 0.573333 0.425879 0.073333 0.047739
0 0.541667 0.404523 0.050000 0.040201
0 0.528333 0.374372 0.043333 0.030151
0 0.595000 0.384422 0.036667 0.035176
0 0.620000 0.423367 0.053333 0.057789
0 0.671667 0.418342 0.050000 0.047739
0 0.698333 0.400754 0.043333 0.042714
0 0.690000 0.371859 0.026667 0.030151
0 0.710000 0.368090 0.033333 0.032663
0 0.590000 0.363065 0.046667 0.027638
0 0.868333 0.491206 0.103333 0.118090
0 0.833333 0.435930 0.086667 0.062814
0 0.843333 0.370603 0.046667 0.042714
0 0.826667 0.405779 0.053333 0.037688
0 0.335000 0.358040 0.043333 0.042714
0 0.256667 0.389447 0.046667 0.050251
0 0.225000 0.391960 0.043333 0.045226
0 0.168333 0.415829 0.063333 0.062814
0 0.055000 0.418342 0.056667 0.057789
0 0.060000 0.384422 0.066667 0.045226
0 0.125000 0.365578 0.050000 0.042714
0 0.145000 0.364322 0.030000 0.035176
0 0.195000 0.366834 0.036667 0.040201
