0 0.049740 0.603241 0.088021 0.149074
0 0.121094 0.573611 0.065104 0.113889
0 0.171615 0.511574 0.059896 0.091667
0 0.050260 0.861574 0.098437 0.265741
0 0.197396 0.671759 0.089583 0.165741
0 0.253125 0.606944 0.073958 0.136111
0 0.317188 0.533796 0.052083 0.095370
0 0.445312 0.357870 0.036458 0.062037
0 0.554688 0.597685 0.075000 0.137963
0 0.545573 0.492130 0.060937 0.139815
0 0.580208 0.499537 0.042708 0.093519
0 0.651302 0.505556 0.049479 0.105556
0 0.686719 0.480556 0.030729 0.085185
0 0.718229 0.472685 0.040625 0.076852
0 0.739844 0.540741 0.050521 0.127778
0 0.695573 0.758796 0.130729 0.267593
0 0.820052 0.537037 0.053646 0.094444
0 0.802604 0.469444 0.051042 0.072222
0 0.871615 0.473611 0.051562 0.086111
0 0.957292 0.551852 0.085417 0.131481
0 0.955469 0.456481 0.039062 0.079630
