0 0.093750 0.420000 0.077500 0.120000
0 0.055000 0.461667 0.085000 0.110000
0 0.058750 0.535000 0.112500 0.130000
0 0.042500 0.616667 0.070000 0.160000
0 0.382500 0.306667 0.075000 0.113333
0 0.453750 0.330000 0.077500 0.133333
0 0.520000 0.306667 0.090000 0.113333
0 0.550000 0.370000 0.115000 0.186667
0 0.700000 0.423333 0.180000 0.253333
0 0.623750 0.258333 0.072500 0.103333
0 0.687500 0.058333 0.050000 0.076667
0 0.796250 0.276667 0.102500 0.160000
0 0.723750 0.256667 0.072500 0.113333
0 0.663750 0.243333 0.052500 0.086667
0 0.933750 0.180000 0.072500 0.106667
