0 0.495000 0.613333 0.076667 0.111111
0 0.640000 0.565556 0.050000 0.100000
0 0.591667 0.522222 0.043333 0.062222
0 0.637500 0.468889 0.028333 0.035556
0 0.679167 0.486667 0.028333 0.048889
0 0.701667 0.470000 0.026667 0.037778
0 0.759167 0.491111 0.031667 0.040000
0 0.775000 0.556667 0.046667 0.068889
0 0.856667 0.525556 0.043333 0.064444
0 0.887500 0.500000 0.028333 0.044444
0 0.920833 0.487778 0.025000 0.042222
0 0.555833 0.480000 0.028333 0.048889
0 0.558333 0.452222 0.023333 0.033333
0 0.534167 0.452222 0.025000 0.037778
0 0.465833 0.493333 0.031667 0.044444
0 0.460000 0.462222 0.023333 0.035556
0 0.486667 0.463333 0.023333 0.033333
0 0.380833 0.453333 0.028333 0.040000
0 0.416667 0.457778 0.013333 0.031111
0 0.359167 0.473333 0.028333 0.044444
0 0.326667 0.500000 0.036667 0.062222
0 0.257500 0.548889 0.051667 0.088889
0 0.233333 0.496667 0.043333 0.051111
0 0.220833 0.452222 0.028333 0.033333
0 0.260833 0.436667 0.025000 0.042222
0 0.294167 0.466667 0.025000 0.044444
0 0.313333 0.387778 0.013333 0.028889
0 0.182500 0.432222 0.021667 0.037778
0 0.164167 0.434444 0.025000 0.042222
0 0.133333 0.458889 0.036667 0.046667
0 0.153333 0.518889 0.043333 0.077778
0 0.071667 0.493333 0.046667 0.062222
0 0.087500 0.447778 0.028333 0.046667
0 0.064167 0.372222 0.025000 0.028889
