0 0.182031 0.631455 0.051562 0.089202
0 0.121094 0.538732 0.048438 0.072770
0 0.170313 0.477700 0.031250 0.053991
0 0.201563 0.539906 0.037500 0.061033
0 0.225000 0.495305 0.034375 0.046948
0 0.213281 0.421362 0.029687 0.039906
0 0.239063 0.403756 0.031250 0.046948
0 0.207813 0.373239 0.021875 0.032864
0 0.222656 0.362676 0.020313 0.025822
0 0.221875 0.340376 0.015625 0.023474
0 0.207031 0.340376 0.014063 0.032864
0 0.204687 0.320423 0.012500 0.025822
0 0.212500 0.298122 0.015625 0.018779
0 0.230469 0.307512 0.010937 0.028169
0 0.253906 0.305164 0.017188 0.023474
0 0.267969 0.312207 0.014063 0.023474
0 0.294531 0.411972 0.026562 0.044601
0 0.261719 0.438967 0.026562 0.042254
0 0.160156 0.437793 0.026562 0.039906
0 0.169531 0.406103 0.026562 0.028169
0 0.163281 0.392019 0.029687 0.032864
0 0.344531 0.476526 0.032813 0.051643
0 0.333594 0.617371 0.051562 0.098592
0 0.433594 0.599765 0.048438 0.072770
0 0.407031 0.532864 0.039062 0.051643
0 0.383594 0.485915 0.032813 0.046948
0 0.460938 0.546948 0.040625 0.051643
0 0.567187 0.537559 0.037500 0.056338
0 0.636719 0.606808 0.045312 0.063380
0 0.607812 0.473005 0.028125 0.049296
0 0.737500 0.590376 0.040625 0.063380
0 0.741406 0.528169 0.032813 0.056338
0 0.725000 0.469484 0.031250 0.037559
0 0.700000 0.438967 0.025000 0.046948
0 0.729688 0.422535 0.021875 0.042254
0 0.785156 0.431925 0.026562 0.046948
0 0.835938 0.470657 0.028125 0.049296
0 0.890625 0.515258 0.028125 0.063380
0 0.903125 0.549296 0.028125 0.046948
0 0.701562 0.377934 0.025000 0.042254
0 0.667969 0.367371 0.026562 0.035211
0 0.633594 0.393192 0.020313 0.035211
0 0.617188 0.417840 0.021875 0.028169
0 0.601562 0.402582 0.015625 0.030516
0 0.536719 0.417840 0.020313 0.037559
0 0.568750 0.383803 0.018750 0.035211
0 0.560937 0.367371 0.012500 0.021127
0 0.565625 0.345070 0.012500 0.023474
0 0.540625 0.346244 0.018750 0.025822
0 0.584375 0.355634 0.015625 0.030516
0 0.602344 0.366197 0.017188 0.018779
0 0.625000 0.352113 0.015625 0.028169
0 0.598437 0.326291 0.015625 0.037559
0 0.543750 0.308685 0.015625 0.025822
0 0.528125 0.300469 0.012500 0.023474
0 0.516406 0.314554 0.020313 0.028169
0 0.510938 0.298122 0.012500 0.023474
0 0.486719 0.300469 0.017188 0.028169
0 0.456250 0.295775 0.015625 0.023474
0 0.432812 0.293427 0.012500 0.023474
0 0.438281 0.338028 0.020313 0.037559
0 0.411719 0.299296 0.020313 0.035211
0 0.388281 0.293427 0.014063 0.037559
0 0.394531 0.318075 0.014063 0.025822
0 0.377344 0.320423 0.014063 0.025822
0 0.382812 0.347418 0.021875 0.037559
0 0.396875 0.380282 0.021875 0.042254
0 0.345313 0.382629 0.018750 0.037559
0 0.325781 0.388498 0.023438 0.030516
0 0.345313 0.356808 0.021875 0.042254
0 0.321875 0.319249 0.015625 0.023474
0 0.310156 0.326291 0.014063 0.028169
0 0.314844 0.293427 0.014063 0.023474
0 0.331250 0.306338 0.015625 0.030516
0 0.037500 0.296948 0.021875 0.039906
0 0.008594 0.303991 0.014063 0.025822
