0 0.101818 0.920097 0.196364 0.159806
0 0.061818 0.809927 0.101818 0.128329
0 0.074545 0.719128 0.050909 0.062954
0 0.164545 0.762712 0.074545 0.096852
0 0.204545 0.721550 0.038182 0.062954
0 0.159091 0.694915 0.023636 0.038741
0 0.314545 0.721550 0.054545 0.072639
0 0.374545 0.882567 0.116364 0.181598
0 0.411818 0.736077 0.063636 0.101695
0 0.499091 0.762712 0.052727 0.067797
0 0.561818 0.763923 0.076364 0.123487
0 0.475455 0.723971 0.030909 0.043584
0 0.438182 0.611380 0.021818 0.031477
0 0.600000 0.713075 0.032727 0.060533
0 0.655455 0.714286 0.034545 0.058111
0 0.635455 0.698547 0.023636 0.041162
0 0.711818 0.717918 0.030909 0.055690
0 0.773636 0.765133 0.078182 0.121065
0 0.834545 0.705811 0.029091 0.046005
0 0.862727 0.692494 0.030909 0.053269
0 0.926364 0.709443 0.030909 0.038741
0 0.939091 0.690073 0.027273 0.038741
0 0.978182 0.710654 0.029091 0.046005
