0 0.723437 0.401408 0.034375 0.070423
0 0.606250 0.413146 0.028125 0.051643
0 0.571094 0.392019 0.032813 0.046948
0 0.522656 0.415493 0.032813 0.046948
0 0.487500 0.416667 0.028125 0.049296
0 0.452344 0.453052 0.045312 0.070423
0 0.437500 0.390845 0.025000 0.049296
0 0.330469 0.450704 0.057813 0.084507
0 0.347656 0.396714 0.039062 0.070423
0 0.294531 0.361502 0.026562 0.051643
0 0.265625 0.366197 0.028125 0.046948
0 0.221094 0.448357 0.051562 0.079812
0 0.176563 0.411972 0.046875 0.068075
0 0.070312 0.400235 0.046875 0.072770
0 0.016406 0.396714 0.029687 0.061033
0 0.232813 0.374413 0.021875 0.030516
0 0.219531 0.359155 0.017188 0.032864
