0 0.148485 0.476136 0.160606 0.252273
0 0.072727 0.238636 0.087879 0.154545
0 0.135606 0.223864 0.065152 0.120455
0 0.196970 0.280682 0.103030 0.170455
0 0.314394 0.521591 0.137879 0.234091
0 0.402273 0.470455 0.101515 0.200000
0 0.496212 0.514773 0.104545 0.197727
0 0.341667 0.200000 0.056061 0.104545
0 0.401515 0.171591 0.063636 0.125000
0 0.484091 0.228409 0.056061 0.093182
0 0.606061 0.351136 0.078788 0.125000
0 0.612121 0.205682 0.057576 0.111364
0 0.796212 0.238636 0.059091 0.113636
0 0.749242 0.257955 0.059091 0.097727
0 0.821212 0.353409 0.063636 0.120455
0 0.815152 0.739773 0.172727 0.325000
0 0.927273 0.492045 0.081818 0.143182
0 0.626515 0.456818 0.119697 0.177273
