0 0.870927 0.752174 0.047619 0.078261
0 0.850877 0.721739 0.037594 0.078261
0 0.815789 0.713043 0.027569 0.052174
0 0.750627 0.704348 0.032581 0.060870
0 0.718045 0.667391 0.022556 0.039130
0 0.647870 0.684783 0.032581 0.056522
0 0.651629 0.802174 0.080201 0.143478
0 0.531328 0.680435 0.030075 0.047826
0 0.580201 0.634783 0.017544 0.034783
0 0.496241 0.626087 0.020050 0.034783
0 0.442356 0.636957 0.027569 0.047826
0 0.416040 0.595652 0.015038 0.026087
0 0.335840 0.515217 0.020050 0.047826
0 0.373434 0.619565 0.030075 0.047826
0 0.357143 0.586957 0.022556 0.034783
0 0.322055 0.604348 0.032581 0.069565
0 0.269424 0.763043 0.077694 0.160870
0 0.264411 0.667391 0.052632 0.091304
0 0.229323 0.584783 0.027569 0.056522
0 0.174185 0.580435 0.027569 0.056522
0 0.096491 0.565217 0.027569 0.052174
0 0.136591 0.580435 0.032581 0.056522
0 0.140351 0.536957 0.020050 0.039130
0 0.201754 0.556522 0.017544 0.043478
0 0.261905 0.565217 0.017544 0.026087
0 0.075188 0.532609 0.020050 0.039130
0 0.046366 0.545652 0.022556 0.039130
0 0.040100 0.528261 0.020050 0.039130
0 0.434837 0.765217 0.062657 0.113043
