0 0.057159 0.617917 0.063263 0.047500
0 0.049945 0.575417 0.039956 0.037500
0 0.103774 0.565417 0.056604 0.042500
0 0.246393 0.555417 0.039956 0.034167
0 0.325749 0.593333 0.061043 0.043333
0 0.336848 0.553750 0.038846 0.030833
0 0.436182 0.559167 0.053274 0.033333
0 0.520533 0.554583 0.053274 0.032500
0 0.460599 0.674583 0.108768 0.092500
0 0.407880 0.795417 0.203108 0.182500
0 0.727525 0.607500 0.094340 0.080000
0 0.629301 0.570833 0.066593 0.055000
0 0.675916 0.545417 0.042175 0.040833
0 0.727525 0.552500 0.047725 0.040000
0 0.841287 0.547500 0.055494 0.041667
0 0.926193 0.600417 0.083241 0.072500
0 0.872919 0.723333 0.167592 0.143333
