0 0.116398 0.627127 0.099085 0.207788
0 0.167247 0.572317 0.068815 0.144634
0 0.043663 0.499346 0.065984 0.117147
0 0.128920 0.317899 0.066638 0.112893
0 0.098432 0.298757 0.047909 0.081152
0 0.264264 0.374836 0.053354 0.093914
0 0.238132 0.335733 0.040723 0.068717
0 0.323606 0.421302 0.064024 0.123364
0 0.343859 0.755726 0.139808 0.241819
0 0.455575 0.541558 0.090592 0.148560
0 0.386868 0.371564 0.055531 0.095877
0 0.323171 0.305137 0.056185 0.089987
0 0.423672 0.326243 0.047692 0.083115
0 0.494665 0.425884 0.059016 0.107657
0 0.462652 0.394961 0.048563 0.089660
0 0.535714 0.316754 0.041376 0.077225
0 0.594621 0.365838 0.049869 0.094895
0 0.616507 0.342114 0.035714 0.081479
0 0.650915 0.546302 0.096254 0.179647
0 0.672692 0.475622 0.059669 0.105694
0 0.693162 0.404287 0.052700 0.091950
0 0.735954 0.359620 0.051176 0.084424
0 0.741507 0.294666 0.051394 0.085406
0 0.704377 0.262762 0.044207 0.089660
0 0.812500 0.321990 0.047038 0.079188
0 0.827853 0.373200 0.049869 0.092605
0 0.844512 0.453370 0.061847 0.105694
0 0.871189 0.645452 0.130444 0.207134
0 0.802700 0.514725 0.094948 0.158377
0 0.839177 0.269797 0.041594 0.082134
0 0.909408 0.325753 0.042683 0.097186
0 0.932600 0.288285 0.045514 0.087696
