0 0.088000 0.598802 0.152000 0.209581
0 0.068000 0.297904 0.052000 0.092814
0 0.080000 0.273952 0.048000 0.080838
0 0.075000 0.179641 0.030000 0.047904
0 0.160000 0.205090 0.036000 0.056886
0 0.234000 0.255988 0.032000 0.044910
0 0.267000 0.217066 0.030000 0.038922
0 0.304000 0.235030 0.032000 0.050898
0 0.362000 0.294910 0.040000 0.056886
0 0.324000 0.326347 0.052000 0.071856
0 0.350000 0.386228 0.052000 0.089820
0 0.423000 0.383234 0.062000 0.095808
0 0.459000 0.675150 0.178000 0.308383
0 0.560000 0.422156 0.072000 0.107784
0 0.578000 0.318862 0.048000 0.074850
0 0.664000 0.342814 0.060000 0.092814
0 0.727000 0.414671 0.070000 0.122754
0 0.732000 0.330838 0.056000 0.080838
0 0.827000 0.203593 0.042000 0.071856
0 0.966000 0.404192 0.060000 0.107784
