0 0.080645 0.462054 0.064516 0.200893
0 0.175806 0.531250 0.054839 0.160714
0 0.263710 0.555804 0.043548 0.165179
0 0.331452 0.861607 0.062903 0.196429
0 0.477419 0.886161 0.067742 0.227679
0 0.646774 0.908482 0.067742 0.183036
0 0.343548 0.609375 0.061290 0.147321
0 0.415323 0.631696 0.043548 0.156250
0 0.481452 0.593750 0.053226 0.151786
0 0.555645 0.569196 0.046774 0.156250
0 0.644355 0.573661 0.056452 0.165179
0 0.725000 0.593750 0.053226 0.151786
0 0.821774 0.589286 0.050000 0.169643
0 0.941129 0.560268 0.059677 0.174107
