0 0.098958 0.594141 0.089583 0.086719
0 0.182812 0.530859 0.042708 0.038281
0 0.222396 0.509375 0.046875 0.037500
0 0.266667 0.553125 0.066667 0.062500
0 0.370312 0.561719 0.092708 0.065625
0 0.387500 0.657422 0.120833 0.103906
0 0.584375 0.584766 0.072917 0.064844
0 0.823958 0.651172 0.108333 0.094531
0 0.511458 0.548047 0.064583 0.052344
0 0.482292 0.510156 0.037500 0.035937
0 0.419271 0.511328 0.038542 0.038281
0 0.455208 0.495703 0.033333 0.030469
0 0.426042 0.480469 0.029167 0.021875
0 0.439583 0.464453 0.020833 0.017969
0 0.456771 0.462500 0.019792 0.017188
0 0.492188 0.464062 0.028125 0.026562
0 0.545833 0.460938 0.025000 0.020313
0 0.563542 0.474219 0.031250 0.023438
0 0.646354 0.480859 0.030208 0.025781
0 0.667188 0.491797 0.034375 0.025781
0 0.693750 0.494141 0.029167 0.025781
0 0.693750 0.468359 0.020833 0.016406
0 0.718750 0.464062 0.022917 0.020313
0 0.735938 0.470703 0.028125 0.019531
0 0.772917 0.501953 0.041667 0.041406
0 0.748958 0.499609 0.027083 0.027344
0 0.795833 0.464453 0.033333 0.022656
0 0.769271 0.466406 0.019792 0.018750
0 0.778646 0.433594 0.017708 0.017188
0 0.850521 0.490625 0.030208 0.029687
0 0.842708 0.524219 0.050000 0.045312
0 0.904687 0.505078 0.048958 0.036719
0 0.918229 0.480859 0.036458 0.030469
0 0.883333 0.478516 0.027083 0.025781
0 0.842187 0.471094 0.028125 0.021875
0 0.826042 0.485156 0.031250 0.029687
0 0.419792 0.436719 0.018750 0.014063
0 0.382812 0.430859 0.019792 0.014844
0 0.338542 0.508594 0.043750 0.032813
0 0.368750 0.489063 0.027083 0.020313
0 0.384375 0.474609 0.025000 0.021094
0 0.363542 0.469141 0.022917 0.021094
0 0.348958 0.467578 0.022917 0.016406
0 0.253646 0.476172 0.036458 0.032031
0 0.135417 0.462500 0.022917 0.015625
0 0.139583 0.426563 0.027083 0.023438
0 0.093750 0.484375 0.037500 0.026562
0 0.106771 0.462500 0.026042 0.021875
0 0.131771 0.487891 0.030208 0.024219
0 0.159375 0.497266 0.035417 0.027344
0 0.192708 0.491406 0.025000 0.021875
0 0.189062 0.468359 0.019792 0.019531
0 0.215625 0.473047 0.022917 0.021094
0 0.159896 0.471094 0.019792 0.018750
0 0.046354 0.480078 0.030208 0.021094
0 0.050000 0.465234 0.020833 0.016406
0 0.070312 0.468750 0.026042 0.025000
0 0.016667 0.488672 0.031250 0.046094
