0 0.572500 0.506897 0.045000 0.117241
0 0.685000 0.477586 0.033333 0.086207
0 0.745000 0.356897 0.036667 0.079310
0 0.774167 0.348276 0.011667 0.027586
0 0.665000 0.384483 0.013333 0.037931
0 0.653333 0.406897 0.016667 0.041379
0 0.626667 0.382759 0.013333 0.027586
0 0.707500 0.343103 0.011667 0.024138
0 0.599167 0.403448 0.015000 0.034483
0 0.535000 0.343103 0.010000 0.024138
0 0.485000 0.410345 0.020000 0.062069
0 0.434167 0.341379 0.015000 0.034483
0 0.456667 0.372414 0.010000 0.020690
0 0.418333 0.481034 0.033333 0.079310
0 0.404167 0.434483 0.025000 0.055172
0 0.340000 0.431034 0.023333 0.048276
0 0.351667 0.463793 0.023333 0.072414
0 0.285000 0.479310 0.036667 0.075862
0 0.304167 0.439655 0.018333 0.044828
0 0.321667 0.405172 0.016667 0.037931
0 0.247500 0.450000 0.025000 0.058621
0 0.196667 0.546552 0.040000 0.086207
0 0.188333 0.450000 0.023333 0.058621
0 0.164167 0.412069 0.018333 0.044828
0 0.160833 0.455172 0.021667 0.048276
0 0.134167 0.393103 0.015000 0.034483
0 0.112500 0.391379 0.011667 0.031034
0 0.101667 0.384483 0.010000 0.031034
0 0.071667 0.379310 0.013333 0.027586
0 0.269167 0.350000 0.008333 0.031034
0 0.221667 0.382759 0.010000 0.027586
0 0.232500 0.400000 0.011667 0.034483
0 0.207500 0.413793 0.011667 0.027586
