0 0.160714 0.468254 0.102679 0.222222
0 0.226562 0.406746 0.055804 0.130952
0 0.270089 0.418651 0.049107 0.123016
0 0.292411 0.396825 0.044643 0.119048
0 0.323661 0.416667 0.035714 0.103175
0 0.351562 0.414683 0.033482 0.091270
0 0.387277 0.412698 0.024554 0.071429
0 0.405134 0.408730 0.024554 0.071429
0 0.434152 0.412698 0.033482 0.071429
0 0.455357 0.392857 0.026786 0.063492
0 0.488839 0.418651 0.040179 0.075397
0 0.535714 0.412698 0.031250 0.071429
0 0.532366 0.343254 0.033482 0.059524
0 0.602679 0.353175 0.035714 0.079365
0 0.707589 0.325397 0.031250 0.063492
0 0.729911 0.359127 0.035714 0.075397
0 0.832589 0.089286 0.084821 0.138889
0 0.052455 0.355159 0.060268 0.115079
0 0.043527 0.271825 0.029018 0.059524
0 0.035714 0.119048 0.035714 0.071429
0 0.212054 0.293651 0.026786 0.039683
0 0.323661 0.311508 0.031250 0.067460
0 0.404018 0.327381 0.031250 0.059524
