0 0.057188 0.074583 0.044375 0.054167
0 0.114062 0.087083 0.041875 0.069167
0 0.139687 0.087917 0.041875 0.059167
0 0.177187 0.090000 0.044375 0.070000
0 0.262500 0.203333 0.063750 0.081667
0 0.366875 0.060000 0.042500 0.075000
0 0.442500 0.132917 0.156250 0.264167
0 0.512500 0.172083 0.052500 0.114167
0 0.547500 0.131250 0.041250 0.062500
0 0.565312 0.112917 0.036875 0.072500
0 0.702500 0.120000 0.121250 0.221667
0 0.815625 0.167500 0.076250 0.113333
0 0.813438 0.078750 0.053125 0.064167
0 0.867812 0.288333 0.154375 0.283333
0 0.916250 0.106250 0.052500 0.079167
0 0.960625 0.148333 0.070000 0.086667
