0 0.130755 0.335196 0.036832 0.067039
0 0.147330 0.374302 0.036832 0.061453
0 0.218232 0.358939 0.034991 0.058659
0 0.294659 0.402235 0.040516 0.072626
0 0.324125 0.368715 0.033149 0.067039
0 0.359116 0.427374 0.051565 0.089385
0 0.369245 0.349162 0.027624 0.044693
0 0.395028 0.370112 0.034991 0.064246
0 0.424494 0.367318 0.038674 0.069832
0 0.510129 0.417598 0.066298 0.097765
0 0.547882 0.381285 0.046041 0.081006
0 0.495396 0.364525 0.036832 0.064246
0 0.624309 0.439944 0.081031 0.120112
0 0.613260 0.353352 0.033149 0.041899
0 0.806630 0.529330 0.099448 0.164804
0 0.903315 0.532123 0.082873 0.142458
0 0.921731 0.412011 0.049724 0.086592
0 0.980663 0.413408 0.038674 0.083799
0 0.946593 0.337989 0.025783 0.044693
0 0.955801 0.273743 0.025783 0.044693
0 0.868324 0.396648 0.038674 0.078212
0 0.837937 0.329609 0.029466 0.050279
0 0.819521 0.350559 0.025783 0.047486
0 0.776243 0.398045 0.046041 0.075419
0 0.754144 0.356145 0.020258 0.041899
0 0.754144 0.328212 0.020258 0.041899
0 0.732044 0.358939 0.031308 0.053073
0 0.671271 0.393855 0.034991 0.067039
0 0.651013 0.347765 0.023941 0.036313
0 0.607735 0.322626 0.022099 0.030726
0 0.679558 0.347765 0.029466 0.047486
0 0.705341 0.344972 0.022099 0.041899
