0 0.109375 0.478006 0.085938 0.117302
0 0.211914 0.520528 0.103516 0.155425
0 0.140625 0.370968 0.070312 0.096774
0 0.224609 0.359238 0.042969 0.073314
0 0.258789 0.384164 0.052734 0.087977
0 0.324219 0.337243 0.042969 0.076246
0 0.420898 0.432551 0.056641 0.108504
0 0.416016 0.359238 0.031250 0.055718
0 0.459961 0.359238 0.041016 0.073314
0 0.529297 0.403226 0.050781 0.096774
0 0.505859 0.348974 0.031250 0.064516
0 0.560547 0.325513 0.035156 0.070381
0 0.562500 0.219941 0.031250 0.058651
0 0.637695 0.362170 0.044922 0.073314
0 0.672852 0.438416 0.048828 0.090909
0 0.702148 0.607038 0.099609 0.140762
0 0.875977 0.224340 0.060547 0.114370
