0 0.922727 0.420455 0.154545 0.340909
0 0.189394 0.609091 0.106061 0.136364
0 0.351515 0.495455 0.096970 0.136364
0 0.481818 0.422727 0.072727 0.109091
0 0.565152 0.347727 0.057576 0.095455
0 0.656061 0.293182 0.039394 0.077273
0 0.727273 0.245455 0.042424 0.072727
0 0.807576 0.181818 0.039394 0.072727
0 0.846970 0.170455 0.027273 0.050000
0 0.739394 0.131818 0.030303 0.054545
0 0.689394 0.159091 0.027273 0.054545
0 0.610606 0.120455 0.027273 0.040909
0 0.566667 0.209091 0.030303 0.063636
0 0.562121 0.134091 0.027273 0.050000
0 0.530303 0.084091 0.030303 0.050000
0 0.472727 0.118182 0.030303 0.054545
0 0.453030 0.081818 0.021212 0.036364
0 0.459091 0.181818 0.027273 0.054545
0 0.522727 0.225000 0.039394 0.059091
0 0.436364 0.272727 0.042424 0.072727
0 0.403030 0.200000 0.030303 0.063636
0 0.375758 0.136364 0.030303 0.036364
0 0.403030 0.095455 0.024242 0.045455
0 0.324242 0.088636 0.024242 0.040909
0 0.303030 0.131818 0.024242 0.036364
0 0.316667 0.152273 0.027273 0.040909
0 0.257576 0.111364 0.024242 0.040909
0 0.242424 0.131818 0.030303 0.045455
0 0.246970 0.186364 0.033333 0.045455
0 0.321212 0.211364 0.042424 0.059091
0 0.350000 0.295455 0.045455 0.081818
0 0.228788 0.350000 0.057576 0.081818
0 0.243939 0.250000 0.045455 0.072727
0 0.089394 0.420455 0.075758 0.095455
0 0.045455 0.315909 0.054545 0.086364
0 0.072727 0.236364 0.036364 0.054545
0 0.019697 0.190909 0.033333 0.054545
0 0.068182 0.140909 0.039394 0.045455
0 0.137879 0.286364 0.039394 0.063636
0 0.169697 0.202273 0.036364 0.059091
0 0.177273 0.152273 0.027273 0.050000
0 0.192424 0.122727 0.027273 0.045455
0 0.124242 0.136364 0.030303 0.045455
0 0.104545 0.175000 0.045455 0.059091
