0 0.201667 0.377500 0.036667 0.065000
0 0.205000 0.340000 0.030000 0.050000
0 0.295000 0.380000 0.036667 0.070000
0 0.290000 0.502500 0.060000 0.105000
0 0.363333 0.445000 0.046667 0.090000
0 0.346667 0.337500 0.033333 0.055000
0 0.310000 0.310000 0.026667 0.050000
0 0.435000 0.302500 0.043333 0.055000
0 0.453333 0.372500 0.040000 0.085000
0 0.425000 0.260000 0.030000 0.040000
0 0.506667 0.237500 0.033333 0.055000
0 0.526667 0.392500 0.053333 0.095000
0 0.433333 0.652500 0.086667 0.155000
0 0.651667 0.242500 0.043333 0.075000
0 0.773333 0.372500 0.073333 0.145000
0 0.903333 0.332500 0.066667 0.115000
