0 0.051458 0.380208 0.061750 0.072917
0 0.028302 0.347656 0.049743 0.080729
0 0.138079 0.407552 0.073756 0.111979
0 0.216123 0.480469 0.116638 0.122396
0 0.485420 0.766927 0.226415 0.372396
0 0.508576 0.423177 0.070326 0.101562
0 0.372213 0.368490 0.044597 0.070312
0 0.350772 0.330729 0.039451 0.052083
0 0.291595 0.339844 0.048027 0.075521
0 0.223842 0.329427 0.042882 0.070312
0 0.291595 0.261719 0.030875 0.049479
0 0.349914 0.265625 0.024014 0.041667
0 0.432247 0.307292 0.048027 0.057292
0 0.443396 0.246094 0.022298 0.039062
0 0.486278 0.313802 0.029160 0.044271
0 0.559177 0.360677 0.037736 0.059896
0 0.572899 0.325521 0.027444 0.046875
0 0.548885 0.315104 0.024014 0.041667
0 0.612350 0.303385 0.024014 0.033854
0 0.620069 0.322917 0.029160 0.041667
0 0.663808 0.338542 0.034305 0.052083
0 0.661235 0.386719 0.053173 0.075521
0 0.675815 0.302083 0.030875 0.036458
0 0.748714 0.479167 0.104631 0.145833
0 0.858491 0.398438 0.066895 0.114583
0 0.842196 0.311198 0.041166 0.075521
0 0.940823 0.371094 0.066895 0.091146
0 0.976844 0.330729 0.042882 0.067708
0 0.779588 0.325521 0.042882 0.078125
0 0.723842 0.320312 0.030875 0.046875
0 0.753002 0.311198 0.030875 0.044271
