0 0.026500 0.520240 0.049000 0.119940
0 0.053500 0.482759 0.041000 0.077961
0 0.069000 0.438531 0.030000 0.055472
0 0.112500 0.424288 0.039000 0.059970
0 0.163000 0.459520 0.046000 0.085457
0 0.202500 0.419040 0.031000 0.049475
0 0.285000 0.552474 0.078000 0.139430
0 0.261000 0.421289 0.040000 0.062969
0 0.276000 0.327586 0.022000 0.034483
0 0.013000 0.419790 0.024000 0.053973
0 0.332500 0.413043 0.035000 0.052474
0 0.373000 0.398051 0.024000 0.052474
0 0.390000 0.437031 0.044000 0.070465
0 0.420000 0.472264 0.052000 0.083958
0 0.464000 0.404798 0.032000 0.050975
0 0.440000 0.393553 0.024000 0.037481
0 0.416500 0.390555 0.019000 0.037481
0 0.500000 0.413043 0.026000 0.067466
0 0.582000 0.371814 0.102000 0.176912
0 0.674000 0.317091 0.026000 0.040480
0 0.653500 0.422789 0.025000 0.053973
0 0.678000 0.508246 0.062000 0.092954
0 0.724000 0.454273 0.046000 0.056972
0 0.708500 0.402549 0.025000 0.043478
0 0.777500 0.461769 0.033000 0.074963
0 0.785000 0.404798 0.026000 0.050975
0 0.850500 0.397301 0.029000 0.053973
0 0.882500 0.446777 0.039000 0.074963
0 0.856000 0.458021 0.030000 0.052474
0 0.863000 0.610945 0.088000 0.178411
0 0.971000 0.448276 0.042000 0.080960
0 0.957000 0.422039 0.030000 0.061469
0 0.930500 0.423538 0.031000 0.058471
0 0.899000 0.553223 0.048000 0.101949
