0 0.027000 0.585455 0.046000 0.101818
0 0.018000 0.532727 0.028000 0.061818
0 0.029000 0.503636 0.022000 0.047273
0 0.059000 0.500000 0.030000 0.069091
0 0.074000 0.750909 0.080000 0.170909
0 0.146000 0.585455 0.052000 0.087273
0 0.214000 0.530909 0.044000 0.080000
0 0.241000 0.610909 0.054000 0.101818
0 0.285000 0.556364 0.050000 0.087273
0 0.343000 0.592727 0.050000 0.109091
0 0.370000 0.570909 0.040000 0.087273
0 0.444000 0.565455 0.044000 0.083636
0 0.468000 0.656364 0.060000 0.141818
0 0.513000 0.394545 0.026000 0.061818
0 0.541000 0.590909 0.050000 0.098182
0 0.547000 0.550909 0.034000 0.083636
0 0.646000 0.532727 0.044000 0.098182
0 0.674000 0.590909 0.052000 0.105455
0 0.677000 0.685455 0.070000 0.141818
0 0.622000 0.930909 0.108000 0.138182
0 0.727000 0.587273 0.050000 0.090909
0 0.723000 0.536364 0.042000 0.076364
0 0.879000 0.590909 0.074000 0.098182
0 0.908000 0.710909 0.076000 0.141818
0 0.981000 0.485455 0.026000 0.069091
0 0.985000 0.498182 0.026000 0.058182
