0 0.038750 0.547170 0.067500 0.120755
0 0.017500 0.394340 0.030000 0.056604
0 0.075000 0.401887 0.040000 0.064151
0 0.103750 0.362264 0.032500 0.052830
0 0.172500 0.411321 0.040000 0.067925
0 0.171250 0.367925 0.037500 0.049057
0 0.157500 0.594340 0.090000 0.139623
0 0.286250 0.458491 0.052500 0.079245
0 0.258750 0.401887 0.037500 0.064151
0 0.365000 0.433962 0.040000 0.067925
0 0.461250 0.516981 0.062500 0.105660
0 0.530000 0.426415 0.050000 0.090566
0 0.793750 0.416981 0.072500 0.116981
0 0.895000 0.292453 0.130000 0.215094
