0 0.041111 0.470395 0.077778 0.111842
0 0.101111 0.363487 0.073333 0.101974
0 0.141111 0.274671 0.073333 0.082237
0 0.096667 0.245066 0.046667 0.062500
0 0.045556 0.187500 0.046667 0.065789
0 0.274444 0.421053 0.095556 0.118421
0 0.255556 0.319079 0.057778 0.078947
0 0.353333 0.644737 0.137778 0.203947
0 0.487778 0.570724 0.135556 0.207237
0 0.385556 0.350329 0.073333 0.095395
0 0.424444 0.248355 0.066667 0.095395
0 0.306667 0.203947 0.040000 0.065789
0 0.291111 0.166118 0.031111 0.042763
0 0.264444 0.139803 0.040000 0.062500
0 0.368889 0.151316 0.035556 0.046053
0 0.395556 0.187500 0.044444 0.065789
0 0.448889 0.182566 0.040000 0.055921
0 0.463333 0.222039 0.042222 0.055921
0 0.518889 0.041118 0.033333 0.055921
0 0.521111 0.139803 0.046667 0.062500
0 0.546667 0.128289 0.031111 0.059211
0 0.542222 0.197368 0.044444 0.052632
0 0.637778 0.167763 0.048889 0.078947
0 0.605556 0.169408 0.037778 0.069079
0 0.686667 0.230263 0.044444 0.065789
0 0.715556 0.273026 0.053333 0.092105
0 0.658889 0.455592 0.122222 0.161184
0 0.531111 0.330592 0.075556 0.095395
0 0.733333 0.162829 0.031111 0.042763
0 0.738889 0.215461 0.042222 0.055921
0 0.782222 0.154605 0.040000 0.072368
0 0.841111 0.251645 0.046667 0.062500
0 0.894444 0.217105 0.055556 0.092105
0 0.863333 0.162829 0.037778 0.062500
0 0.983333 0.208882 0.033333 0.062500
