0 0.068410 0.453333 0.036217 0.097778
0 0.087525 0.471111 0.038229 0.106667
0 0.112676 0.495556 0.044266 0.120000
0 0.141851 0.524444 0.058350 0.124444
0 0.219316 0.540000 0.064386 0.128889
0 0.289738 0.620000 0.076459 0.200000
0 0.378270 0.686667 0.108652 0.262222
0 0.496982 0.791111 0.136821 0.302222
0 0.235412 0.422222 0.048290 0.097778
0 0.278672 0.442222 0.038229 0.093333
0 0.321932 0.433333 0.036217 0.111111
0 0.363179 0.462222 0.034205 0.088889
0 0.362173 0.382222 0.036217 0.071111
0 0.359155 0.253333 0.030181 0.071111
0 0.456740 0.168889 0.024145 0.071111
0 0.470825 0.491111 0.044266 0.120000
0 0.487928 0.426667 0.034205 0.088889
0 0.501006 0.380000 0.028169 0.066667
0 0.542254 0.273333 0.026157 0.075556
0 0.409457 0.386667 0.038229 0.080000
0 0.445674 0.404444 0.034205 0.071111
0 0.555332 0.513333 0.068410 0.155556
0 0.657948 0.542222 0.080483 0.195556
0 0.785714 0.595556 0.078471 0.213333
0 0.828974 0.488889 0.052314 0.124444
0 0.868209 0.415556 0.042254 0.120000
0 0.860161 0.326667 0.042254 0.111111
0 0.849095 0.277778 0.036217 0.084444
0 0.890342 0.195556 0.030181 0.080000
0 0.944668 0.206667 0.030181 0.075556
0 0.955734 0.280000 0.056338 0.151111
0 0.972837 0.488889 0.054326 0.142222
0 0.780684 0.266667 0.036217 0.080000
0 0.791751 0.206667 0.026157 0.075556
0 0.725352 0.324444 0.038229 0.097778
0 0.735412 0.271111 0.030181 0.071111
0 0.708249 0.448889 0.048290 0.151111
0 0.611670 0.435556 0.044266 0.097778
0 0.590543 0.328889 0.042254 0.106667
0 0.554326 0.391111 0.046278 0.106667
0 0.629779 0.242222 0.032193 0.093333
0 0.662978 0.217778 0.030181 0.071111
0 0.683099 0.268889 0.022133 0.075556
0 0.658954 0.337778 0.038229 0.106667
