0 0.944144 0.550000 0.093694 0.143243
0 0.759459 0.343243 0.034234 0.064865
0 0.686486 0.447297 0.028829 0.062162
0 0.630631 0.502703 0.054054 0.091892
0 0.553153 0.579730 0.086486 0.143243
0 0.561261 0.474324 0.045045 0.072973
0 0.531532 0.458108 0.036036 0.072973
0 0.512613 0.422973 0.023423 0.040541
0 0.482883 0.432432 0.025225 0.048649
0 0.461261 0.367568 0.021622 0.032432
0 0.443243 0.421622 0.025225 0.043243
0 0.436937 0.460811 0.037838 0.062162
0 0.461261 0.547297 0.068468 0.132432
0 0.402703 0.522973 0.052252 0.110811
0 0.404505 0.450000 0.034234 0.056757
0 0.386486 0.422973 0.019820 0.040541
0 0.408108 0.416216 0.019820 0.037838
0 0.333333 0.491892 0.050450 0.075676
0 0.308108 0.459459 0.032432 0.054054
0 0.328829 0.433784 0.023423 0.040541
0 0.284685 0.409459 0.025225 0.035135
0 0.294595 0.371622 0.027027 0.040541
0 0.260360 0.440541 0.030631 0.048649
0 0.230631 0.445946 0.028829 0.048649
0 0.240541 0.629730 0.124324 0.221622
0 0.313514 0.856757 0.172973 0.286486
0 0.139640 0.532432 0.066667 0.129730
0 0.085586 0.633784 0.099099 0.148649
0 0.084685 0.513514 0.075676 0.118919
0 0.153153 0.452703 0.046847 0.072973
0 0.191892 0.424324 0.034234 0.048649
0 0.158559 0.377027 0.032432 0.051351
0 0.163063 0.429730 0.037838 0.048649
0 0.086486 0.385135 0.039640 0.056757
0 0.021622 0.327027 0.032432 0.054054
