0 0.145969 0.391608 0.065359 0.125874
0 0.295207 0.382867 0.080610 0.143357
0 0.440087 0.372378 0.078431 0.129371
0 0.542484 0.365385 0.074074 0.129371
0 0.650327 0.349650 0.058824 0.104895
0 0.787582 0.354895 0.067538 0.115385
0 0.901961 0.339161 0.069717 0.132867
0 0.861656 0.146853 0.063181 0.118881
0 0.778867 0.152098 0.058824 0.115385
0 0.683007 0.134615 0.063181 0.108392
0 0.604575 0.120629 0.063181 0.122378
0 0.502179 0.122378 0.058824 0.104895
0 0.401961 0.108392 0.067538 0.118881
0 0.298475 0.118881 0.074074 0.132867
0 0.191721 0.099650 0.069717 0.136364
0 0.108932 0.108392 0.078431 0.125874
