0 0.041818 0.764634 0.080000 0.197561
0 0.035455 0.589024 0.067273 0.114634
0 0.050909 0.478049 0.058182 0.092683
0 0.013636 0.453659 0.023636 0.063415
0 0.031818 0.387805 0.038182 0.048780
0 0.021818 0.343902 0.032727 0.039024
0 0.052727 0.351220 0.029091 0.039024
0 0.082727 0.430488 0.041818 0.065854
0 0.114545 0.409756 0.036364 0.058537
0 0.130909 0.352439 0.029091 0.041463
0 0.164545 0.353659 0.027273 0.039024
0 0.195455 0.364634 0.023636 0.041463
0 0.187273 0.436585 0.036364 0.053659
0 0.142727 0.479268 0.045455 0.065854
0 0.139091 0.602439 0.067273 0.102439
0 0.220909 0.554878 0.063636 0.085366
0 0.219091 0.467073 0.045455 0.070732
0 0.266364 0.415854 0.041818 0.056098
0 0.235455 0.370732 0.023636 0.039024
0 0.257273 0.373171 0.027273 0.034146
0 0.262727 0.357317 0.020000 0.031707
0 0.289091 0.319512 0.018182 0.034146
0 0.234545 0.719512 0.101818 0.136585
0 0.359091 0.626829 0.078182 0.126829
0 0.328182 0.550000 0.056364 0.075610
0 0.331818 0.486585 0.041818 0.065854
0 0.350909 0.452439 0.040000 0.046341
0 0.325455 0.385366 0.021818 0.039024
0 0.289091 0.364634 0.018182 0.031707
0 0.312727 0.331707 0.018182 0.024390
0 0.341818 0.376829 0.018182 0.036585
0 0.360000 0.352439 0.014545 0.026829
0 0.367273 0.370732 0.018182 0.024390
0 0.374545 0.387805 0.014545 0.029268
0 0.411818 0.387805 0.027273 0.039024
0 0.393636 0.381707 0.012727 0.026829
0 0.395455 0.353659 0.020000 0.024390
0 0.453636 0.364634 0.016364 0.021951
0 0.439091 0.392683 0.020000 0.034146
0 0.472727 0.404878 0.018182 0.034146
0 0.459091 0.387805 0.020000 0.029268
0 0.481818 0.387805 0.018182 0.024390
0 0.499091 0.363415 0.020000 0.029268
0 0.500909 0.400000 0.020000 0.034146
0 0.420909 0.500000 0.041818 0.058537
0 0.380000 0.515854 0.050909 0.070732
0 0.450000 0.569512 0.070909 0.104878
0 0.491818 0.487805 0.034545 0.058537
0 0.534545 0.425610 0.029091 0.046341
0 0.570000 0.421951 0.023636 0.034146
0 0.589091 0.415854 0.021818 0.036585
0 0.560000 0.393902 0.021818 0.026829
0 0.531818 0.396341 0.012727 0.021951
0 0.520909 0.400000 0.016364 0.029268
0 0.563636 0.542683 0.072727 0.114634
0 0.684545 0.464634 0.056364 0.090244
0 0.725455 0.452439 0.025455 0.031707
0 0.740000 0.454878 0.025455 0.036585
0 0.757273 0.440244 0.027273 0.041463
0 0.716364 0.362195 0.021818 0.031707
0 0.740000 0.367073 0.014545 0.021951
0 0.813636 0.360976 0.023636 0.034146
0 0.880000 0.342683 0.025455 0.036585
0 0.791818 0.425610 0.020000 0.031707
0 0.780909 0.441463 0.016364 0.034146
