0 0.031250 0.402778 0.056944 0.098148
0 0.140278 0.465741 0.097222 0.138889
0 0.186111 0.399074 0.052778 0.087037
0 0.095139 0.268519 0.040278 0.059259
0 0.231250 0.340741 0.026389 0.037037
0 0.271528 0.350000 0.031944 0.051852
0 0.299306 0.327778 0.031944 0.048148
0 0.270139 0.436111 0.070833 0.101852
0 0.394444 0.484259 0.094444 0.142593
0 0.358333 0.365741 0.041667 0.057407
0 0.362500 0.336111 0.030556 0.035185
0 0.400694 0.350000 0.037500 0.066667
0 0.461111 0.352778 0.050000 0.087037
0 0.507639 0.352778 0.040278 0.068519
0 0.596528 0.402778 0.062500 0.098148
0 0.566667 0.355556 0.047222 0.074074
0 0.661111 0.353704 0.038889 0.062963
0 0.690972 0.404630 0.056944 0.083333
0 0.724306 0.364815 0.037500 0.062963
0 0.761111 0.362963 0.038889 0.070370
0 0.767361 0.438889 0.084722 0.114815
0 0.847222 0.369444 0.036111 0.068519
0 0.881944 0.412037 0.063889 0.094444
0 0.916667 0.377778 0.044444 0.081481
