0 0.935381 0.789286 0.108051 0.192857
0 0.786017 0.685714 0.063559 0.128571
0 0.708686 0.782143 0.099576 0.164286
0 0.548729 0.844643 0.148305 0.246429
0 0.409958 0.650000 0.048729 0.085714
0 0.309322 0.676786 0.067797 0.110714
0 0.212924 0.658929 0.044492 0.089286
0 0.150424 0.696429 0.076271 0.135714
0 0.085805 0.671429 0.048729 0.092857
0 0.049788 0.608929 0.036017 0.060714
0 0.027542 0.576786 0.033898 0.053571
0 0.023305 0.626786 0.042373 0.082143
0 0.097458 0.573214 0.029661 0.053571
0 0.166314 0.578571 0.027542 0.057143
0 0.224576 0.594643 0.029661 0.046429
0 0.261653 0.600000 0.031780 0.057143
0 0.361229 0.617857 0.036017 0.057143
0 0.451271 0.583929 0.033898 0.053571
0 0.502119 0.635714 0.046610 0.071429
0 0.502119 0.580357 0.033898 0.060714
0 0.570975 0.619643 0.048729 0.082143
0 0.546610 0.578571 0.025424 0.050000
0 0.296610 0.571429 0.021186 0.042857
0 0.643008 0.601786 0.023305 0.053571
0 0.621822 0.571429 0.027542 0.050000
0 0.652542 0.550000 0.016949 0.035714
0 0.676907 0.576786 0.031780 0.053571
0 0.704449 0.589286 0.023305 0.042857
0 0.704449 0.551786 0.019068 0.032143
0 0.740466 0.573214 0.023305 0.039286
0 0.813559 0.633929 0.046610 0.096429
0 0.849576 0.614286 0.038136 0.078571
0 0.878178 0.601786 0.036017 0.075000
0 0.859110 0.558929 0.023305 0.053571
0 0.805085 0.551786 0.025424 0.046429
0 0.974576 0.617857 0.046610 0.085714
