0 0.116000 0.388889 0.044000 0.075075
0 0.064000 0.472973 0.024000 0.051051
0 0.023000 0.495495 0.034000 0.048048
0 0.112000 0.582583 0.060000 0.096096
0 0.101000 0.536036 0.050000 0.075075
0 0.027000 0.554054 0.042000 0.081081
0 0.178000 0.537538 0.048000 0.102102
0 0.208000 0.484985 0.040000 0.057057
0 0.229000 0.593093 0.062000 0.111111
0 0.280000 0.483483 0.028000 0.048048
0 0.293000 0.542042 0.042000 0.081081
0 0.370000 0.484985 0.028000 0.045045
0 0.446000 0.711712 0.112000 0.162162
0 0.437000 0.627628 0.082000 0.114114
0 0.480000 0.483483 0.040000 0.072072
0 0.541000 0.393393 0.030000 0.048048
0 0.598000 0.402402 0.028000 0.048048
0 0.553000 0.639640 0.074000 0.126126
0 0.594000 0.489489 0.036000 0.054054
0 0.652000 0.588589 0.064000 0.108108
0 0.715000 0.391892 0.018000 0.039039
0 0.809000 0.536036 0.046000 0.069069
0 0.821000 0.510511 0.046000 0.078078
0 0.956000 0.606607 0.064000 0.096096
0 0.947000 0.548048 0.046000 0.075075
