0 0.067578 0.501859 0.075781 0.174721
0 0.142969 0.723978 0.085938 0.232342
0 0.303516 0.736059 0.088281 0.215613
0 0.301563 0.645911 0.081250 0.195167
0 0.253125 0.474907 0.082812 0.213755
0 0.189844 0.076208 0.057813 0.144981
0 0.383594 0.192379 0.078125 0.206320
0 0.414453 0.072491 0.063281 0.137546
0 0.447266 0.460967 0.055469 0.171004
0 0.553125 0.439591 0.071875 0.191450
0 0.633594 0.514870 0.068750 0.178439
0 0.701172 0.503717 0.058594 0.167286
0 0.753516 0.486059 0.053906 0.157993
0 0.751172 0.368959 0.057031 0.128253
0 0.853516 0.402416 0.069531 0.184015
0 0.953516 0.391264 0.060156 0.187732
