0 0.067912 0.597166 0.113186 0.214575
0 0.085456 0.466093 0.058857 0.096154
0 0.057442 0.438765 0.048104 0.096154
0 0.136955 0.420040 0.049802 0.113360
0 0.181098 0.414474 0.057725 0.094130
0 0.269383 0.532389 0.074703 0.157895
0 0.321166 0.520243 0.099038 0.202429
0 0.395869 0.548583 0.077533 0.151822
0 0.254952 0.402834 0.060555 0.111336
0 0.280985 0.276316 0.041313 0.072874
0 0.418506 0.308198 0.035654 0.063765
0 0.470572 0.265182 0.031126 0.060729
0 0.531126 0.402834 0.052632 0.101215
0 0.599321 0.399291 0.045274 0.096154
0 0.598189 0.353745 0.021505 0.041498
0 0.703452 0.404858 0.059989 0.117409
0 0.775042 0.390182 0.049236 0.094130
0 0.799660 0.379555 0.038483 0.091093
0 0.844369 0.372976 0.033956 0.088057
0 0.877759 0.378543 0.040747 0.089069
0 0.917374 0.370445 0.046406 0.080972
0 0.980192 0.346660 0.033956 0.067814
0 0.930108 0.339069 0.035654 0.058704
