0 0.041818 0.278932 0.043636 0.065282
0 0.206364 0.280415 0.038182 0.056380
0 0.380000 0.274481 0.047273 0.080119
0 0.369091 0.455490 0.069091 0.127596
0 0.481818 0.413947 0.072727 0.151335
0 0.570909 0.510386 0.109091 0.172107
0 0.570909 0.427300 0.050909 0.089021
0 0.685455 0.476261 0.098182 0.151335
0 0.681818 0.372404 0.054545 0.091988
0 0.723636 0.405045 0.054545 0.121662
0 0.780909 0.370920 0.038182 0.089021
0 0.751818 0.379822 0.041818 0.089021
0 0.826364 0.373887 0.049091 0.089021
0 0.848182 0.415430 0.067273 0.106825
0 0.893636 0.586053 0.147273 0.258160
0 0.959091 0.479228 0.081818 0.157270
0 0.909091 0.402077 0.047273 0.103858
0 0.990909 0.287834 0.018182 0.029674
0 0.944545 0.390208 0.030909 0.068249
0 0.966364 0.364985 0.045455 0.077151
