0 0.086250 0.711987 0.145833 0.227525
0 0.016667 0.483907 0.031667 0.055494
0 0.070000 0.502775 0.055000 0.064373
0 0.068333 0.460599 0.040000 0.053274
0 0.125833 0.454495 0.040000 0.036626
0 0.192500 0.472808 0.040000 0.057714
0 0.250417 0.458380 0.037500 0.055494
0 0.298333 0.594895 0.081667 0.093230
0 0.325833 0.516648 0.053333 0.081021
0 0.304167 0.471698 0.030000 0.044395
0 0.410833 0.486127 0.041667 0.048835
0 0.447083 0.478357 0.032500 0.033296
0 0.445833 0.460599 0.025000 0.031077
0 0.590000 0.453385 0.023333 0.038846
0 0.624583 0.482242 0.039167 0.061043
0 0.599583 0.480577 0.029167 0.037736
0 0.660000 0.514983 0.051667 0.073252
0 0.705000 0.582686 0.063333 0.084351
0 0.926250 0.673141 0.147500 0.211987
0 0.903333 0.543285 0.055000 0.074362
0 0.956667 0.473918 0.041667 0.055494
0 0.837917 0.480577 0.049167 0.071032
0 0.787500 0.476693 0.038333 0.058824
0 0.747083 0.464484 0.024167 0.041065
