0 0.108182 0.500000 0.056364 0.095368
0 0.204545 0.487738 0.049091 0.076294
0 0.270909 0.493188 0.050909 0.070845
0 0.334545 0.456403 0.025455 0.057221
0 0.389091 0.435967 0.021818 0.038147
0 0.410000 0.450954 0.020000 0.046322
0 0.424545 0.430518 0.016364 0.038147
0 0.438182 0.410082 0.025455 0.035422
0 0.474545 0.461853 0.029091 0.051771
0 0.474545 0.437330 0.021818 0.040872
0 0.540909 0.461853 0.023636 0.046322
0 0.370000 0.644414 0.038182 0.062670
0 0.398182 0.618529 0.029091 0.059946
0 0.499091 0.633515 0.038182 0.073569
0 0.499091 0.589918 0.027273 0.046322
0 0.582727 0.600817 0.027273 0.057221
0 0.609091 0.623978 0.040000 0.065395
0 0.690000 0.584469 0.034545 0.051771
0 0.728182 0.630790 0.034545 0.051771
0 0.134545 0.779292 0.116364 0.168937
0 0.833636 0.485014 0.038182 0.081744
0 0.904545 0.467302 0.056364 0.089918
0 0.693636 0.471390 0.023636 0.049046
0 0.667273 0.456403 0.021818 0.051771
0 0.647273 0.452316 0.018182 0.038147
0 0.631818 0.438692 0.020000 0.043597
0 0.619091 0.430518 0.023636 0.038147
0 0.600000 0.456403 0.025455 0.046322
0 0.583636 0.452316 0.021818 0.038147
