0 0.062500 0.314583 0.037500 0.058333
0 0.134375 0.309375 0.037500 0.052083
0 0.158594 0.317708 0.029687 0.052083
0 0.193750 0.284375 0.031250 0.043750
0 0.229687 0.276042 0.028125 0.043750
0 0.057031 0.665625 0.104688 0.127083
0 0.322656 0.646875 0.095312 0.118750
0 0.392188 0.521875 0.075000 0.097917
0 0.396094 0.446875 0.060937 0.085417
0 0.337500 0.406250 0.062500 0.075000
0 0.393750 0.285417 0.040625 0.062500
0 0.496875 0.231250 0.034375 0.045833
0 0.446094 0.372917 0.035937 0.054167
0 0.545312 0.521875 0.087500 0.102083
0 0.539844 0.373958 0.032813 0.047917
0 0.625781 0.319792 0.032813 0.047917
0 0.565625 0.338542 0.028125 0.043750
0 0.670312 0.387500 0.043750 0.058333
0 0.701562 0.438542 0.050000 0.072917
0 0.774219 0.504167 0.064062 0.075000
0 0.835156 0.595833 0.082812 0.129167
0 0.571094 0.873958 0.135937 0.131250
0 0.833594 0.304167 0.035937 0.045833
0 0.960156 0.353125 0.051562 0.068750
