0 0.026667 0.539167 0.051111 0.131667
0 0.027778 0.491667 0.048889 0.090000
0 0.060000 0.458333 0.042222 0.073333
0 0.131667 0.483333 0.058889 0.103333
0 0.180000 0.454167 0.051111 0.098333
0 0.209444 0.445833 0.038889 0.071667
0 0.116667 0.730833 0.157778 0.225000
0 0.281667 0.545833 0.085556 0.125000
0 0.261667 0.492500 0.065556 0.088333
0 0.296667 0.485833 0.048889 0.081667
0 0.328889 0.442500 0.044444 0.075000
0 0.438333 0.444167 0.034444 0.058333
0 0.455556 0.466667 0.044444 0.056667
0 0.458333 0.505833 0.058889 0.088333
0 0.521667 0.517500 0.078889 0.121667
0 0.583333 0.633333 0.122222 0.170000
0 0.740556 0.856667 0.234444 0.286667
0 0.722222 0.440000 0.040000 0.060000
0 0.773889 0.298333 0.034444 0.056667
0 0.775000 0.423333 0.045556 0.066667
0 0.832222 0.422500 0.044444 0.071667
0 0.878889 0.484167 0.060000 0.081667
0 0.910556 0.449167 0.043333 0.068333
0 0.952778 0.416667 0.043333 0.060000
