0 0.082000 0.348837 0.044000 0.100775
0 0.152000 0.298450 0.040000 0.100775
0 0.189000 0.304264 0.038000 0.096899
0 0.233000 0.335271 0.038000 0.096899
0 0.278000 0.312016 0.040000 0.096899
0 0.312000 0.358527 0.036000 0.096899
0 0.360000 0.308140 0.044000 0.096899
0 0.394000 0.362403 0.040000 0.096899
0 0.442000 0.350775 0.036000 0.096899
0 0.498000 0.329457 0.048000 0.093023
0 0.550000 0.356589 0.036000 0.093023
0 0.585000 0.306202 0.042000 0.093023
0 0.623000 0.315891 0.046000 0.112403
0 0.677000 0.321705 0.042000 0.093023
0 0.716000 0.375969 0.048000 0.116279
0 0.759000 0.321705 0.042000 0.085271
0 0.810000 0.377907 0.040000 0.096899
0 0.824000 0.267442 0.040000 0.093023
0 0.867000 0.327519 0.046000 0.104651
0 0.935000 0.310078 0.050000 0.100775
