0 0.042703 0.416938 0.040000 0.084691
0 0.030270 0.448697 0.051892 0.105863
0 0.138919 0.434853 0.050811 0.087948
0 0.178378 0.495114 0.077838 0.117264
0 0.180000 0.425081 0.048649 0.071661
0 0.226486 0.451140 0.055135 0.097720
0 0.327568 0.471498 0.056216 0.089577
0 0.331892 0.403094 0.038919 0.073290
0 0.368649 0.420195 0.028108 0.061889
0 0.396757 0.438925 0.036757 0.063518
0 0.464865 0.481270 0.062703 0.079805
0 0.509730 0.438925 0.037838 0.079805
0 0.512973 0.342834 0.031351 0.060261
0 0.568649 0.517101 0.101622 0.203583
0 0.603243 0.456840 0.064865 0.109121
0 0.684865 0.451140 0.046486 0.074919
0 0.782703 0.501629 0.073514 0.114007
0 0.874054 0.611564 0.141622 0.252443
0 0.917297 0.455212 0.078919 0.128664
