0 0.336142 0.308023 0.016854 0.031519
0 0.680712 0.300860 0.020599 0.045845
0 0.435393 0.603152 0.088015 0.163324
0 0.613296 0.763610 0.170412 0.329513
0 0.938202 0.636103 0.116105 0.275072
0 0.778090 0.492837 0.073034 0.103152
0 0.867041 0.458453 0.063670 0.097421
0 0.953184 0.406877 0.052434 0.085960
0 0.909176 0.386819 0.031835 0.063037
0 0.859551 0.386819 0.033708 0.051576
0 0.826779 0.376791 0.035581 0.060172
0 0.809925 0.424069 0.039326 0.063037
0 0.769663 0.411175 0.033708 0.060172
0 0.780899 0.376791 0.026217 0.037249
0 0.741573 0.373926 0.029963 0.054441
0 0.687266 0.368195 0.026217 0.037249
0 0.647004 0.431232 0.035581 0.071633
0 0.674157 0.416905 0.029963 0.054441
0 0.636704 0.398281 0.026217 0.040115
0 0.644195 0.371060 0.018727 0.031519
0 0.616105 0.371060 0.018727 0.037249
0 0.609551 0.504298 0.069288 0.126074
0 0.561798 0.484241 0.048689 0.091691
0 0.514045 0.421203 0.031835 0.057307
0 0.531835 0.396848 0.026217 0.031519
0 0.495318 0.381089 0.020599 0.034384
0 0.507491 0.366762 0.014981 0.034384
0 0.569288 0.368195 0.014981 0.031519
0 0.426030 0.421203 0.035581 0.074499
0 0.461610 0.388252 0.020599 0.031519
0 0.400749 0.392550 0.022472 0.034384
0 0.386704 0.376791 0.020599 0.025788
0 0.345506 0.408309 0.028090 0.048711
0 0.304307 0.438395 0.043071 0.063037
0 0.302434 0.399713 0.028090 0.048711
0 0.257491 0.402579 0.024345 0.042980
0 0.276217 0.392550 0.020599 0.034384
0 0.246255 0.428367 0.028090 0.060172
0 0.249064 0.491404 0.048689 0.088825
0 0.228464 0.393983 0.022472 0.037249
0 0.213483 0.409742 0.026217 0.051576
0 0.191011 0.416905 0.018727 0.042980
0 0.144195 0.436963 0.044944 0.077364
0 0.157303 0.398281 0.026217 0.040115
0 0.119850 0.426934 0.037453 0.045845
0 0.085206 0.424069 0.031835 0.045845
0 0.093633 0.391117 0.026217 0.042980
0 0.043071 0.587393 0.078652 0.166189
0 0.047753 0.501433 0.054307 0.063037
0 0.051498 0.441261 0.031835 0.051576
0 0.030899 0.414040 0.028090 0.042980
