0 0.170648 0.556818 0.122867 0.168182
0 0.121160 0.411364 0.071672 0.113636
0 0.078498 0.397727 0.061433 0.095455
0 0.046075 0.368182 0.044369 0.072727
0 0.097270 0.347727 0.044369 0.050000
0 0.358362 0.327273 0.047782 0.081818
0 0.412969 0.379545 0.061433 0.086364
0 0.401024 0.329545 0.044369 0.068182
0 0.459044 0.347727 0.044369 0.068182
0 0.511945 0.327273 0.040956 0.054545
0 0.537543 0.420455 0.071672 0.122727
0 0.575085 0.356818 0.051195 0.086364
0 0.600683 0.318182 0.040956 0.054545
0 0.621160 0.350000 0.040956 0.081818
0 0.662116 0.390909 0.061433 0.090909
0 0.684300 0.336364 0.044369 0.072727
0 0.735495 0.450000 0.078498 0.127273
0 0.733788 0.359091 0.047782 0.072727
0 0.759386 0.306818 0.044369 0.059091
0 0.825939 0.393182 0.061433 0.095455
0 0.824232 0.329545 0.044369 0.068182
0 0.870307 0.331818 0.040956 0.063636
0 0.959044 0.404545 0.081911 0.127273
0 0.950512 0.322727 0.044369 0.063636
