0 0.116482 0.387841 0.074485 0.100629
0 0.240887 0.469602 0.076070 0.104822
0 0.318542 0.446541 0.050713 0.067086
0 0.252773 0.286164 0.014263 0.027254
0 0.290808 0.353249 0.033281 0.044025
0 0.334390 0.340671 0.019017 0.035639
0 0.362124 0.343816 0.033281 0.046122
0 0.412837 0.350105 0.030111 0.046122
0 0.456418 0.299790 0.022187 0.033543
0 0.511094 0.310273 0.020602 0.037736
0 0.596672 0.283019 0.023772 0.033543
0 0.673534 0.291405 0.025357 0.046122
0 0.789223 0.350105 0.034865 0.050314
0 0.839937 0.401468 0.069731 0.094340
0 0.904120 0.310273 0.033281 0.062893
0 0.932647 0.317610 0.033281 0.048218
0 0.927892 0.399371 0.055468 0.085954
0 0.982567 0.409853 0.031696 0.102725
0 0.907290 0.517820 0.090333 0.121593
0 0.707607 0.599581 0.122029 0.184486
0 0.491284 0.598532 0.104596 0.178197
0 0.474643 0.397275 0.055468 0.085954
0 0.567353 0.394130 0.050713 0.079665
0 0.591918 0.360587 0.039620 0.050314
