0 0.091652 0.215347 0.049002 0.069307
0 0.067151 0.353960 0.039927 0.064356
0 0.065336 0.449257 0.068966 0.106436
0 0.147913 0.375000 0.056261 0.076733
0 0.115245 0.363861 0.038113 0.069307
0 0.126134 0.574257 0.099819 0.143564
0 0.221416 0.409653 0.068966 0.096535
0 0.383848 0.509901 0.099819 0.138614
0 0.320327 0.335396 0.038113 0.061881
0 0.266788 0.326733 0.032668 0.049505
0 0.225045 0.305693 0.032668 0.042079
0 0.367514 0.326733 0.030853 0.049505
0 0.411978 0.367574 0.043557 0.071782
0 0.426497 0.326733 0.032668 0.049505
0 0.447368 0.306931 0.027223 0.044554
0 0.497278 0.337871 0.036298 0.061881
0 0.498185 0.303218 0.030853 0.047030
0 0.528131 0.382426 0.050817 0.091584
0 0.580762 0.309406 0.032668 0.054455
0 0.608893 0.336634 0.038113 0.064356
0 0.637931 0.365099 0.056261 0.076733
0 0.692377 0.337871 0.038113 0.061881
0 0.732305 0.373762 0.045372 0.064356
0 0.733212 0.456683 0.068966 0.111386
0 0.832123 0.428218 0.059891 0.099010
0 0.801270 0.362624 0.038113 0.066832
0 0.758621 0.306931 0.032668 0.054455
0 0.818512 0.320545 0.039927 0.066832
0 0.885662 0.313119 0.043557 0.066832
0 0.951906 0.386139 0.052632 0.084158
0 0.956443 0.342822 0.043557 0.051980
0 0.986388 0.329208 0.027223 0.069307
