0 0.114583 0.589342 0.066667 0.094044
0 0.068750 0.545455 0.045833 0.068966
0 0.060417 0.498433 0.033333 0.050157
0 0.039583 0.485893 0.029167 0.050157
0 0.014583 0.517241 0.025000 0.068966
0 0.113542 0.465517 0.031250 0.053292
0 0.128125 0.506270 0.031250 0.053292
0 0.160417 0.529781 0.045833 0.068966
0 0.155208 0.474922 0.031250 0.040752
0 0.213542 0.498433 0.039583 0.062696
0 0.205208 0.452978 0.031250 0.047022
0 0.261458 0.542320 0.056250 0.087774
0 0.251042 0.633229 0.072917 0.125392
0 0.251042 0.467085 0.027083 0.043887
0 0.262500 0.443574 0.025000 0.040752
0 0.302083 0.457680 0.033333 0.043887
0 0.319792 0.452978 0.022917 0.040752
0 0.350000 0.506270 0.041667 0.072100
0 0.376042 0.583072 0.052083 0.100313
0 0.359375 0.446708 0.027083 0.047022
0 0.376042 0.476489 0.027083 0.043887
0 0.413542 0.473354 0.027083 0.043887
0 0.440625 0.478056 0.027083 0.053292
0 0.456250 0.449843 0.029167 0.053292
0 0.480208 0.462382 0.027083 0.059561
0 0.479167 0.534483 0.050000 0.084639
0 0.532292 0.496865 0.039583 0.059561
0 0.538542 0.459248 0.022917 0.047022
0 0.583333 0.471787 0.037500 0.059561
0 0.636458 0.490596 0.043750 0.072100
0 0.619792 0.470219 0.031250 0.050157
0 0.678125 0.479624 0.035417 0.068966
0 0.861458 0.322884 0.114583 0.181818
