0 0.159615 0.237789 0.019231 0.028278
0 0.041346 0.316195 0.028846 0.035990
0 0.015385 0.327763 0.023077 0.028278
0 0.033654 0.377892 0.025000 0.046272
0 0.055769 0.383033 0.019231 0.035990
0 0.081731 0.386889 0.025000 0.043702
0 0.111538 0.377892 0.019231 0.035990
0 0.133654 0.371465 0.028846 0.033419
0 0.099038 0.320051 0.017308 0.028278
0 0.676923 0.503856 0.126923 0.164524
0 0.815385 0.500000 0.084615 0.120823
0 0.920192 0.480720 0.109615 0.154242
0 0.890385 0.384319 0.053846 0.079692
0 0.961538 0.370180 0.050000 0.071979
0 0.764423 0.390746 0.055769 0.082262
0 0.746154 0.354756 0.050000 0.071979
0 0.648077 0.417738 0.065385 0.084833
0 0.586538 0.395887 0.046154 0.077121
0 0.527885 0.451157 0.071154 0.110540
0 0.486538 0.417738 0.057692 0.089974
0 0.398077 0.440874 0.061538 0.079692
0 0.388462 0.511568 0.084615 0.113111
0 0.286538 0.470437 0.053846 0.077121
0 0.185577 0.430591 0.048077 0.059126
0 0.220192 0.399743 0.036538 0.048843
0 0.259615 0.389460 0.023077 0.033419
0 0.309615 0.401028 0.046154 0.061697
0 0.274038 0.345758 0.028846 0.038560
0 0.240385 0.334190 0.023077 0.035990
0 0.224038 0.314910 0.017308 0.023136
0 0.211538 0.349614 0.026923 0.041131
0 0.173077 0.358612 0.023077 0.028278
0 0.152885 0.348329 0.017308 0.028278
0 0.136538 0.330334 0.019231 0.023136
0 0.264423 0.303342 0.025000 0.035990
0 0.291346 0.312339 0.025000 0.028278
0 0.315385 0.347044 0.030769 0.035990
0 0.337500 0.334190 0.021154 0.030848
0 0.374038 0.367609 0.032692 0.051414
0 0.398077 0.383033 0.042308 0.046272
0 0.383654 0.305913 0.021154 0.030848
0 0.409615 0.332905 0.023077 0.033419
0 0.532692 0.353470 0.042308 0.053985
0 0.486538 0.354756 0.026923 0.030848
0 0.441346 0.348329 0.021154 0.033419
0 0.440385 0.298201 0.023077 0.020566
0 0.424038 0.290488 0.017308 0.025707
0 0.491346 0.304627 0.017308 0.023136
0 0.488462 0.284062 0.019231 0.023136
0 0.467308 0.298201 0.015385 0.025707
0 0.539423 0.314910 0.021154 0.023136
0 0.520192 0.278920 0.017308 0.017995
