0 0.022500 0.542169 0.043000 0.087349
0 0.100250 0.550828 0.065500 0.101657
0 0.040500 0.478916 0.030000 0.052711
0 0.016250 0.482304 0.028500 0.042922
0 0.067750 0.474021 0.025500 0.044428
0 0.111000 0.479669 0.030000 0.040663
0 0.129250 0.478916 0.022500 0.042169
0 0.166000 0.522214 0.051000 0.077560
0 0.145250 0.463479 0.018500 0.027861
0 0.209000 0.502259 0.034000 0.055723
0 0.204500 0.474021 0.031000 0.038404
0 0.267000 0.362575 0.058000 0.094127
0 0.305250 0.646084 0.147500 0.236446
0 0.504250 0.533509 0.102500 0.169428
0 0.562750 0.512801 0.047500 0.106928
0 0.468000 0.329443 0.077000 0.122741
0 0.439250 0.403991 0.016500 0.032380
0 0.435250 0.384789 0.020500 0.031627
0 0.406500 0.390813 0.019000 0.028614
0 0.406250 0.415286 0.018500 0.027861
0 0.413500 0.469127 0.032000 0.061747
0 0.363750 0.476657 0.038500 0.082831
0 0.350000 0.416416 0.017000 0.030120
0 0.596750 0.447289 0.028500 0.046687
0 0.557000 0.449172 0.025000 0.038404
0 0.536500 0.443524 0.018000 0.040663
0 0.562250 0.397214 0.021500 0.035392
0 0.580250 0.382154 0.017500 0.032380
0 0.601250 0.407756 0.018500 0.038404
0 0.605750 0.384789 0.017500 0.037651
0 0.626000 0.366340 0.017000 0.035392
0 0.645250 0.416792 0.018500 0.041416
0 0.619000 0.405873 0.020000 0.046687
0 0.644750 0.385166 0.016500 0.032380
0 0.667250 0.376506 0.019500 0.040663
0 0.669750 0.429593 0.030500 0.044428
0 0.670500 0.475527 0.032000 0.068524
0 0.656000 0.639307 0.120000 0.248494
0 0.636000 0.520708 0.050000 0.089608
0 0.713500 0.558735 0.095000 0.174699
0 0.712750 0.455949 0.051500 0.097139
0 0.747250 0.481175 0.029500 0.058735
0 0.780500 0.457078 0.046000 0.094880
0 0.813250 0.521461 0.072500 0.140813
0 0.853000 0.479292 0.051000 0.112199
0 0.802500 0.414533 0.032000 0.064006
0 0.720250 0.391943 0.016500 0.036898
0 0.710750 0.384789 0.015500 0.037651
0 0.737500 0.381777 0.021000 0.037651
0 0.763750 0.369352 0.018500 0.041416
0 0.937500 0.665286 0.125000 0.255271
0 0.947000 0.522967 0.106000 0.185994
0 0.885000 0.440512 0.024000 0.055723
0 0.861750 0.403614 0.023500 0.039157
0 0.887750 0.396837 0.023500 0.046687
0 0.894750 0.372364 0.019500 0.036898
0 0.940000 0.378389 0.029000 0.047440
0 0.950750 0.360316 0.020500 0.033886
0 0.990500 0.367846 0.019000 0.038404
