0 0.159000 0.380000 0.066000 0.120000
0 0.180000 0.231667 0.044000 0.083333
0 0.132000 0.126667 0.032000 0.066667
0 0.019000 0.130000 0.034000 0.073333
0 0.247000 0.128333 0.034000 0.076667
0 0.313000 0.206667 0.042000 0.073333
0 0.341000 0.121667 0.038000 0.070000
0 0.350000 0.370000 0.044000 0.093333
0 0.508000 0.366667 0.048000 0.086667
0 0.427000 0.221667 0.026000 0.063333
0 0.441000 0.141667 0.030000 0.076667
0 0.533000 0.150000 0.034000 0.066667
0 0.563000 0.118333 0.026000 0.056667
0 0.545000 0.221667 0.034000 0.070000
0 0.626000 0.141667 0.032000 0.063333
0 0.675000 0.341667 0.050000 0.090000
0 0.469000 0.588333 0.150000 0.296667
0 0.783000 0.231667 0.038000 0.083333
0 0.838000 0.140000 0.036000 0.066667
0 0.923000 0.243333 0.042000 0.080000
0 0.935000 0.146667 0.034000 0.060000
0 0.844000 0.383333 0.052000 0.106667
