0 0.095238 0.650000 0.098310 0.157143
0 0.016129 0.517857 0.029186 0.097619
0 0.140553 0.519048 0.035330 0.057143
0 0.169739 0.505952 0.029186 0.050000
0 0.221198 0.535714 0.043011 0.071429
0 0.227343 0.582143 0.039939 0.064286
0 0.340246 0.583333 0.053763 0.090476
0 0.341782 0.521429 0.029186 0.057143
0 0.403994 0.538095 0.033794 0.057143
0 0.449309 0.552381 0.035330 0.061905
0 0.571429 0.386905 0.024578 0.030952
0 0.699693 0.463095 0.023041 0.035714
0 0.715054 0.426190 0.026114 0.038095
0 0.733487 0.472619 0.026114 0.040476
0 0.779570 0.486905 0.023041 0.045238
0 0.799539 0.447619 0.026114 0.047619
0 0.807988 0.398810 0.027650 0.035714
0 0.856375 0.388095 0.019969 0.033333
0 0.831797 0.611905 0.041475 0.061905
0 0.933948 0.592857 0.058372 0.090476
0 0.985407 0.558333 0.029186 0.054762
0 0.922427 0.461905 0.029186 0.052381
0 0.887097 0.447619 0.026114 0.042857
0 0.903226 0.398810 0.024578 0.040476
0 0.959293 0.395238 0.023041 0.047619
