0 0.037383 0.612500 0.048598 0.075000
0 0.253271 0.476389 0.039252 0.063889
0 0.163551 0.820833 0.114019 0.169444
0 0.357944 0.548611 0.039252 0.052778
0 0.706542 0.145833 0.085981 0.125000
0 0.927103 0.458333 0.052336 0.105556
0 0.959813 0.713889 0.080374 0.177778
0 0.817757 0.781944 0.132710 0.180556
0 0.766355 0.575000 0.044860 0.066667
0 0.783178 0.526389 0.022430 0.041667
0 0.815888 0.538889 0.039252 0.061111
0 0.726168 0.675000 0.065421 0.100000
0 0.610280 0.736111 0.102804 0.150000
0 0.585047 0.644444 0.052336 0.077778
0 0.644860 0.609722 0.048598 0.075000
0 0.611215 0.545833 0.041121 0.069444
0 0.588785 0.581944 0.044860 0.063889
0 0.575701 0.552778 0.029907 0.066667
0 0.555140 0.569444 0.041121 0.072222
0 0.525234 0.626389 0.048598 0.069444
0 0.479439 0.622222 0.065421 0.088889
0 0.482243 0.540278 0.033645 0.063889
0 0.458879 0.570833 0.035514 0.058333
0 0.420561 0.601389 0.044860 0.069444
0 0.419626 0.558333 0.035514 0.055556
0 0.083178 0.773611 0.084112 0.152778
0 0.106542 0.672222 0.056075 0.083333
0 0.128972 0.622222 0.052336 0.083333
