0 0.059375 0.299306 0.060417 0.093056
0 0.025521 0.359028 0.048958 0.068056
0 0.085938 0.363889 0.038542 0.061111
0 0.118750 0.368750 0.045833 0.065278
0 0.141667 0.358333 0.027083 0.058333
0 0.156771 0.375000 0.021875 0.041667
0 0.167187 0.381944 0.021875 0.052778
0 0.221354 0.384722 0.028125 0.044444
0 0.245833 0.384722 0.033333 0.055556
0 0.273438 0.384722 0.028125 0.038889
0 0.313021 0.383333 0.021875 0.038889
0 0.328646 0.383333 0.026042 0.050000
0 0.369792 0.381250 0.031250 0.048611
0 0.396354 0.375694 0.028125 0.040278
0 0.418750 0.346528 0.041667 0.062500
0 0.521875 0.375000 0.054167 0.075000
0 0.675521 0.377778 0.023958 0.050000
0 0.699479 0.390972 0.023958 0.043056
0 0.733854 0.334722 0.032292 0.052778
0 0.779687 0.372917 0.044792 0.065278
0 0.837500 0.323611 0.043750 0.080556
0 0.869792 0.311111 0.064583 0.097222
0 0.960417 0.318750 0.060417 0.118056
