0 0.088859 0.852823 0.066313 0.092742
0 0.098143 0.794355 0.047745 0.064516
0 0.131300 0.741935 0.050398 0.064516
0 0.180371 0.705645 0.042440 0.072581
0 0.035809 0.933468 0.066313 0.125000
0 0.096817 0.951613 0.082228 0.096774
0 0.149867 0.838710 0.039788 0.080645
0 0.213528 0.802419 0.039788 0.080645
0 0.251989 0.737903 0.031830 0.056452
0 0.261273 0.693548 0.034483 0.056452
0 0.220159 0.899194 0.090186 0.112903
0 0.267905 0.951613 0.042440 0.072581
0 0.334218 0.723790 0.042440 0.076613
0 0.366048 0.673387 0.026525 0.040323
0 0.473475 0.606855 0.034483 0.060484
0 0.446950 0.862903 0.055703 0.104839
0 0.564987 0.885081 0.053050 0.092742
0 0.632626 0.891129 0.061008 0.104839
0 0.616711 0.554435 0.050398 0.068548
0 0.840849 0.893145 0.100796 0.173387
