0 0.106250 0.534146 0.087500 0.185366
0 0.021875 0.263415 0.041250 0.102439
0 0.228750 0.289024 0.047500 0.085366
0 0.320000 0.410976 0.060000 0.139024
0 0.319375 0.184146 0.036250 0.070732
0 0.450625 0.169512 0.036250 0.080488
0 0.476875 0.357317 0.048750 0.090244
0 0.531250 0.463415 0.047500 0.136585
0 0.605000 0.484146 0.052500 0.119512
0 0.638750 0.415854 0.032500 0.090244
0 0.564375 0.215854 0.021250 0.060976
0 0.700000 0.215854 0.027500 0.070732
0 0.787500 0.396341 0.047500 0.095122
0 0.829375 0.223171 0.033750 0.070732
0 0.892500 0.306098 0.035000 0.070732
0 0.936875 0.268293 0.026250 0.068293
