0 0.888000 0.439759 0.044000 0.066265
0 0.655000 0.623494 0.030000 0.054217
0 0.601000 0.582831 0.026000 0.039157
0 0.583000 0.572289 0.026000 0.048193
0 0.498000 0.625000 0.032000 0.057229
0 0.452000 0.655120 0.052000 0.081325
0 0.455000 0.612952 0.038000 0.057229
0 0.492000 0.576807 0.020000 0.039157
0 0.522000 0.575301 0.020000 0.036145
0 0.438000 0.564759 0.016000 0.027108
0 0.409000 0.593373 0.030000 0.042169
0 0.379000 0.623494 0.034000 0.072289
0 0.360000 0.587349 0.032000 0.048193
0 0.350000 0.551205 0.024000 0.036145
0 0.355000 0.719880 0.058000 0.084337
0 0.285000 0.628012 0.046000 0.075301
0 0.302000 0.596386 0.024000 0.048193
0 0.309000 0.566265 0.022000 0.036145
0 0.304000 0.552711 0.020000 0.033133
0 0.283000 0.549699 0.022000 0.033133
0 0.261000 0.576807 0.022000 0.039157
0 0.242000 0.548193 0.024000 0.048193
0 0.226000 0.530120 0.020000 0.036145
0 0.195000 0.524096 0.018000 0.036145
0 0.212000 0.582831 0.032000 0.045181
0 0.161000 0.665663 0.046000 0.084337
0 0.154000 0.581325 0.048000 0.072289
0 0.184000 0.560241 0.028000 0.048193
0 0.178000 0.534639 0.020000 0.033133
0 0.110000 0.561747 0.040000 0.057229
0 0.104000 0.530120 0.024000 0.048193
0 0.066000 0.531627 0.024000 0.039157
0 0.056000 0.572289 0.032000 0.054217
0 0.037000 0.534639 0.022000 0.039157
0 0.027000 0.635542 0.050000 0.084337
