0 0.076563 0.355236 0.046875 0.069815
0 0.146875 0.367556 0.053125 0.073922
0 0.222656 0.372690 0.048438 0.071869
0 0.305469 0.391170 0.035937 0.055441
0 0.289844 0.378850 0.042188 0.067762
0 0.361719 0.378850 0.035937 0.055441
0 0.398438 0.398357 0.037500 0.053388
0 0.425000 0.352156 0.031250 0.051335
0 0.451562 0.393224 0.034375 0.059548
0 0.486719 0.366530 0.042188 0.051335
0 0.500000 0.405544 0.040625 0.055441
0 0.542188 0.364476 0.040625 0.051335
0 0.557031 0.410678 0.035937 0.053388
0 0.620313 0.396304 0.040625 0.065708
0 0.609375 0.360370 0.034375 0.055441
0 0.653125 0.385010 0.037500 0.059548
0 0.674219 0.413758 0.035937 0.047228
0 0.682031 0.354209 0.032813 0.047228
0 0.725781 0.402464 0.045312 0.069815
0 0.715625 0.371663 0.031250 0.049281
0 0.750781 0.356263 0.032813 0.055441
0 0.785156 0.362423 0.042188 0.059548
0 0.824219 0.394251 0.051562 0.078029
0 0.885156 0.381930 0.042188 0.057495
