0 0.061818 0.352090 0.047273 0.073955
0 0.138182 0.387460 0.032727 0.061093
0 0.130000 0.339228 0.038182 0.061093
0 0.199091 0.403537 0.049091 0.099678
0 0.227273 0.379421 0.040000 0.083601
0 0.283636 0.363344 0.040000 0.077170
0 0.254545 0.323151 0.021818 0.048232
0 0.341818 0.371383 0.058182 0.099678
0 0.371818 0.348875 0.023636 0.054662
0 0.383636 0.326367 0.018182 0.041801
0 0.412727 0.372990 0.047273 0.083601
0 0.458182 0.384244 0.040000 0.080386
0 0.451818 0.318328 0.023636 0.051447
0 0.524545 0.331190 0.034545 0.064309
0 0.505455 0.334405 0.014545 0.045016
0 0.479091 0.332797 0.016364 0.041801
0 0.420909 0.334405 0.012727 0.038585
0 0.409091 0.323151 0.018182 0.041801
0 0.555455 0.331190 0.016364 0.038585
0 0.572727 0.324759 0.025455 0.057878
0 0.595455 0.332797 0.020000 0.041801
0 0.649091 0.376206 0.058182 0.122186
0 0.689091 0.345659 0.032727 0.086817
0 0.718182 0.332797 0.018182 0.048232
0 0.748182 0.329582 0.020000 0.041801
0 0.879091 0.234727 0.034545 0.070740
