0 0.048872 0.566038 0.026316 0.067925
0 0.106203 0.560377 0.028195 0.049057
0 0.017857 0.583019 0.031955 0.056604
0 0.009398 0.547170 0.015038 0.052830
0 0.144737 0.562264 0.033835 0.075472
0 0.209586 0.605660 0.050752 0.101887
0 0.210526 0.537736 0.022556 0.056604
0 0.235902 0.550943 0.020677 0.045283
0 0.259398 0.562264 0.030075 0.067925
0 0.311090 0.567925 0.020677 0.049057
0 0.325188 0.560377 0.015038 0.033962
0 0.370301 0.660377 0.093985 0.196226
0 0.372180 0.471698 0.022556 0.037736
0 0.412594 0.571698 0.024436 0.064151
0 0.432331 0.577358 0.033835 0.067925
0 0.458647 0.571698 0.018797 0.049057
0 0.474624 0.564151 0.024436 0.049057
0 0.497180 0.579245 0.028195 0.064151
0 0.524436 0.615094 0.030075 0.083019
0 0.526316 0.577358 0.018797 0.045283
0 0.553571 0.566038 0.024436 0.045283
0 0.576128 0.562264 0.020677 0.060377
0 0.625000 0.613208 0.046992 0.094340
0 0.676692 0.728302 0.105263 0.203774
0 0.664474 0.577358 0.043233 0.075472
0 0.697368 0.579245 0.030075 0.071698
0 0.612782 0.552830 0.033835 0.056604
0 0.737782 0.558491 0.020677 0.052830
0 0.765977 0.558491 0.028195 0.060377
0 0.810150 0.562264 0.026316 0.067925
0 0.833647 0.543396 0.028195 0.060377
0 0.888158 0.683019 0.107143 0.226415
0 0.876880 0.556604 0.039474 0.071698
0 0.911654 0.550943 0.033835 0.075472
0 0.937030 0.541509 0.031955 0.071698
0 0.975564 0.530189 0.030075 0.071698
0 0.975564 0.618868 0.048872 0.113208
0 0.985902 0.562264 0.028195 0.075472
