0 0.069638 0.788378 0.105984 0.190809
0 0.129056 0.668498 0.089971 0.148851
0 0.264855 0.630703 0.077960 0.141858
0 0.309208 0.794539 0.176359 0.256410
0 0.393805 0.765068 0.113780 0.170829
0 0.390645 0.649684 0.096081 0.146520
0 0.446481 0.619547 0.071639 0.155511
0 0.634324 0.374792 0.059629 0.118881
0 0.648757 0.637862 0.077118 0.132201
0 0.692373 0.678988 0.092710 0.121212
0 0.681416 0.773893 0.100295 0.186480
0 0.863464 0.665834 0.075853 0.127539
0 0.895702 0.687812 0.072482 0.125541
0 0.961336 0.704795 0.077328 0.223443
