0 0.063750 0.166111 0.039167 0.063333
0 0.099167 0.186111 0.048333 0.083333
0 0.132917 0.242222 0.070833 0.122222
0 0.177917 0.225556 0.045833 0.104444
0 0.170000 0.155000 0.045000 0.065556
0 0.206667 0.204444 0.036667 0.071111
0 0.263333 0.179444 0.036667 0.065556
0 0.308750 0.175556 0.055833 0.084444
0 0.329583 0.237222 0.064167 0.121111
0 0.425833 0.336111 0.091667 0.165556
0 0.407083 0.232222 0.044167 0.064444
0 0.449167 0.216667 0.050000 0.088889
0 0.489583 0.239444 0.052500 0.092222
0 0.519583 0.261111 0.062500 0.117778
0 0.561250 0.275000 0.044167 0.076667
0 0.614583 0.286667 0.045833 0.086667
0 0.657917 0.343333 0.070833 0.137778
0 0.699583 0.360000 0.062500 0.135556
