0 0.066038 0.477337 0.067925 0.104816
0 0.120755 0.424929 0.041509 0.067989
0 0.176415 0.515581 0.084906 0.135977
0 0.172642 0.441926 0.050943 0.067989
0 0.239623 0.422096 0.033962 0.067989
0 0.265094 0.468839 0.054717 0.070822
0 0.325472 0.614731 0.122642 0.254958
0 0.413208 0.498584 0.071698 0.135977
0 0.313208 0.436261 0.037736 0.056657
0 0.350943 0.413598 0.030189 0.056657
0 0.394340 0.416431 0.033962 0.050992
0 0.465094 0.416431 0.032075 0.062323
0 0.495283 0.422096 0.035849 0.056657
0 0.509434 0.466006 0.045283 0.093484
0 0.549057 0.429178 0.033962 0.059490
0 0.533962 0.406516 0.026415 0.048159
0 0.602830 0.415014 0.024528 0.048159
0 0.642453 0.419263 0.032075 0.045326
0 0.642453 0.529745 0.092453 0.215297
0 0.694340 0.504249 0.052830 0.113314
0 0.715094 0.436261 0.033962 0.062323
0 0.767925 0.412181 0.030189 0.053824
0 0.794340 0.446176 0.041509 0.070822
0 0.843396 0.487252 0.056604 0.096317
0 0.833962 0.420680 0.033962 0.053824
0 0.884906 0.444759 0.033962 0.067989
0 0.953774 0.529745 0.084906 0.152975
0 0.969811 0.419263 0.041509 0.067989
