0 0.155000 0.617151 0.103750 0.192127
0 0.152500 0.495314 0.090000 0.119025
0 0.123125 0.428304 0.063750 0.101218
0 0.087813 0.379100 0.053125 0.075914
0 0.145000 0.356139 0.038750 0.048735
0 0.161562 0.399719 0.034375 0.077788
0 0.136563 0.334114 0.039375 0.051546
0 0.266562 0.312559 0.040625 0.066542
0 0.460313 0.300843 0.031875 0.052484
0 0.529375 0.459700 0.096250 0.162137
0 0.589063 0.306467 0.029375 0.054358
0 0.636250 0.313027 0.032500 0.058107
0 0.689688 0.287254 0.024375 0.049672
0 0.698438 0.332709 0.031875 0.056232
0 0.732812 0.339738 0.034375 0.066542
0 0.744062 0.309278 0.028125 0.044986
0 0.786875 0.355670 0.036250 0.068416
0 0.800312 0.328491 0.034375 0.042174
0 0.835938 0.339738 0.033125 0.072165
0 0.884687 0.342549 0.043125 0.074039
0 0.945000 0.365042 0.038750 0.074039
0 0.966562 0.395501 0.050625 0.086223
