0 0.049000 0.300000 0.030000 0.054545
0 0.028000 0.333333 0.040000 0.066667
0 0.096000 0.393939 0.056000 0.090909
0 0.156000 0.346970 0.052000 0.087879
0 0.203000 0.309091 0.038000 0.060606
0 0.228000 0.259091 0.028000 0.051515
0 0.212000 0.534848 0.088000 0.130303
0 0.145000 0.775758 0.126000 0.163636
0 0.336000 0.403030 0.060000 0.103030
0 0.519000 0.510606 0.082000 0.154545
0 0.522000 0.395455 0.056000 0.100000
0 0.549000 0.333333 0.046000 0.078788
0 0.490000 0.301515 0.032000 0.057576
0 0.427000 0.269697 0.026000 0.048485
0 0.379000 0.316667 0.038000 0.063636
0 0.335000 0.322727 0.042000 0.075758
0 0.278000 0.322727 0.040000 0.063636
0 0.288000 0.268182 0.032000 0.051515
0 0.307000 0.239394 0.030000 0.054545
0 0.343000 0.250000 0.030000 0.045455
0 0.665000 0.315152 0.038000 0.060606
0 0.714000 0.345455 0.040000 0.078788
0 0.799000 0.431818 0.050000 0.081818
0 0.915000 0.496970 0.078000 0.145455
0 0.911000 0.378788 0.054000 0.066667
0 0.769000 0.165152 0.038000 0.057576
