0 0.632000 0.297721 0.044000 0.082621
0 0.648000 0.451567 0.052000 0.088319
0 0.719000 0.497151 0.062000 0.094017
0 0.826000 0.552707 0.084000 0.113960
0 0.914000 0.472934 0.052000 0.085470
0 0.951000 0.574074 0.086000 0.133903
0 0.841000 0.800570 0.206000 0.324786
0 0.699000 0.729345 0.118000 0.216524
0 0.588000 0.547009 0.084000 0.119658
0 0.494000 0.534188 0.068000 0.105413
0 0.447000 0.495726 0.062000 0.108262
0 0.399000 0.498575 0.050000 0.068376
0 0.133000 0.480057 0.066000 0.088319
0 0.119000 0.589744 0.066000 0.102564
0 0.054000 0.618234 0.100000 0.131054
