0 0.186154 0.356322 0.116923 0.211494
0 0.098462 0.265517 0.036923 0.066667
0 0.255385 0.326437 0.036923 0.082759
0 0.272308 0.254023 0.024615 0.048276
0 0.303846 0.226437 0.026154 0.043678
0 0.323846 0.243678 0.026154 0.045977
0 0.330769 0.309195 0.043077 0.080460
0 0.376923 0.281609 0.036923 0.062069
0 0.381538 0.237931 0.030769 0.048276
0 0.416154 0.224138 0.026154 0.048276
0 0.428462 0.370115 0.050769 0.087356
0 0.382308 0.429885 0.063077 0.119540
0 0.429231 0.272414 0.027692 0.052874
0 0.456154 0.249425 0.026154 0.048276
0 0.558462 0.280460 0.033846 0.055172
0 0.578462 0.250575 0.030769 0.055172
0 0.605385 0.227586 0.026154 0.041379
0 0.648462 0.441379 0.072308 0.114943
0 0.671538 0.379310 0.047692 0.082759
0 0.697692 0.350575 0.044615 0.085057
0 0.706923 0.239080 0.029231 0.055172
0 0.819231 0.232184 0.029231 0.055172
0 0.838462 0.271264 0.033846 0.059770
0 0.836154 0.342529 0.044615 0.091954
0 0.875385 0.309195 0.040000 0.071264
0 0.860769 0.277011 0.032308 0.039080
0 0.953077 0.500000 0.081538 0.140230
0 0.976923 0.265517 0.027692 0.052874
0 0.950769 0.236782 0.027692 0.050575
