0 0.136198 0.641406 0.084896 0.153125
0 0.160677 0.575391 0.072396 0.105469
0 0.030990 0.588672 0.056771 0.085156
0 0.054688 0.537500 0.040625 0.056250
0 0.046875 0.478125 0.029167 0.053125
0 0.092708 0.516797 0.035417 0.053906
0 0.090365 0.480078 0.033854 0.046094
0 0.138802 0.468750 0.028646 0.039062
0 0.164062 0.507422 0.048958 0.058594
0 0.194531 0.536719 0.034896 0.078125
0 0.300781 0.551172 0.060937 0.099219
0 0.374479 0.580078 0.075000 0.122656
0 0.301302 0.469141 0.032813 0.060156
0 0.282031 0.507031 0.040104 0.064062
0 0.263542 0.466797 0.034375 0.058594
0 0.308594 0.370312 0.031771 0.040625
0 0.339323 0.397656 0.018229 0.037500
0 0.355469 0.417578 0.019271 0.028906
0 0.367708 0.422266 0.017708 0.021094
0 0.381771 0.432812 0.018750 0.032813
0 0.407813 0.444141 0.028125 0.049219
0 0.458333 0.459766 0.036458 0.060156
0 0.494531 0.470703 0.031771 0.057031
0 0.528906 0.463281 0.043229 0.075000
0 0.572135 0.478516 0.039062 0.071094
0 0.645312 0.503125 0.060417 0.098437
0 0.720313 0.507031 0.058333 0.118750
0 0.827604 0.582422 0.098958 0.178906
0 0.905990 0.538281 0.057813 0.121875
0 0.811458 0.459375 0.048958 0.081250
0 0.893750 0.433984 0.050000 0.080469
0 0.932292 0.390625 0.025000 0.062500
0 0.960938 0.380078 0.023958 0.063281
0 0.987760 0.390234 0.024479 0.050781
0 0.821875 0.391406 0.026042 0.048438
0 0.798698 0.406641 0.028646 0.044531
0 0.775781 0.397266 0.025521 0.047656
0 0.902083 0.388281 0.030208 0.046875
0 0.859635 0.366797 0.023438 0.047656
0 0.842969 0.396484 0.016146 0.038281
0 0.884635 0.369922 0.026562 0.032031
0 0.901042 0.350000 0.021875 0.032813
0 0.746615 0.458203 0.028646 0.066406
0 0.771875 0.453125 0.026042 0.068750
0 0.724740 0.434766 0.031771 0.061719
0 0.725521 0.405078 0.028125 0.049219
0 0.746615 0.387891 0.019271 0.047656
0 0.713021 0.384766 0.027083 0.036719
0 0.654687 0.456641 0.034375 0.055469
0 0.590104 0.455859 0.032292 0.049219
0 0.539844 0.409375 0.028646 0.051562
0 0.516406 0.398828 0.019271 0.038281
0 0.479167 0.418750 0.021875 0.037500
0 0.456510 0.415234 0.021354 0.033594
0 0.429427 0.421484 0.019271 0.035156
0 0.375521 0.400391 0.019792 0.025781
0 0.566146 0.381641 0.015625 0.030469
0 0.630729 0.383594 0.020833 0.037500
0 0.608854 0.383984 0.017708 0.035156
