0 0.022535 0.367708 0.039437 0.043750
0 0.126761 0.522917 0.129577 0.091667
0 0.166197 0.442708 0.078873 0.060417
0 0.114085 0.360417 0.059155 0.045833
0 0.149296 0.355208 0.033803 0.039583
0 0.228169 0.366667 0.045070 0.033333
0 0.311268 0.395833 0.064789 0.050000
0 0.356338 0.435417 0.076056 0.062500
0 0.380282 0.383333 0.056338 0.033333
0 0.383099 0.283333 0.045070 0.037500
0 0.460563 0.371875 0.042254 0.035417
0 0.484507 0.414583 0.061972 0.045833
0 0.530986 0.395833 0.047887 0.037500
0 0.594366 0.386458 0.033803 0.035417
0 0.881690 0.543750 0.123944 0.079167
0 0.859155 0.485417 0.101408 0.070833
0 0.861972 0.444792 0.067606 0.056250
0 0.843662 0.406250 0.059155 0.037500
0 0.802817 0.394792 0.039437 0.035417
0 0.932394 0.407292 0.045070 0.035417
