0 0.082102 0.346106 0.096880 0.185414
0 0.028325 0.384425 0.046798 0.093943
0 0.148194 0.402349 0.036946 0.077874
0 0.178161 0.411001 0.039409 0.077874
0 0.220854 0.393696 0.036125 0.072930
0 0.274220 0.401731 0.039409 0.084054
0 0.253284 0.396786 0.030378 0.046972
0 0.295977 0.391842 0.023810 0.049444
0 0.339080 0.419654 0.031199 0.053152
0 0.327997 0.401112 0.023810 0.043263
0 0.368227 0.414091 0.027094 0.051916
0 0.394499 0.411001 0.027094 0.050680
0 0.414204 0.391842 0.020525 0.042027
0 0.434319 0.392460 0.026273 0.058096
0 0.461823 0.402349 0.028736 0.053152
0 0.481938 0.371446 0.027915 0.048208
0 0.494253 0.405439 0.026273 0.049444
0 0.511905 0.417182 0.027094 0.053152
0 0.490558 0.456737 0.038588 0.067985
0 0.532841 0.409147 0.024631 0.051916
0 0.548851 0.422126 0.020525 0.043263
0 0.564860 0.389988 0.034483 0.058096
0 0.541872 0.382571 0.021346 0.038319
0 0.569376 0.456737 0.040230 0.067985
0 0.600985 0.412855 0.032841 0.061805
0 0.642857 0.451174 0.041051 0.071693
0 0.617406 0.386279 0.022989 0.045735
0 0.638752 0.388752 0.022989 0.050680
0 0.661741 0.379481 0.029557 0.066749
0 0.682266 0.402967 0.022989 0.044499
0 0.711412 0.408529 0.032020 0.063041
0 0.701149 0.367120 0.027915 0.044499
0 0.750411 0.445612 0.039409 0.080346
0 0.748358 0.390606 0.035304 0.061805
0 0.769704 0.383189 0.023810 0.069221
0 0.832512 0.351669 0.050903 0.100124
0 0.915435 0.373918 0.057471 0.102596
0 0.858785 0.386279 0.026273 0.058096
0 0.816092 0.393696 0.026273 0.055624
0 0.405172 0.552534 0.045156 0.079110
0 0.822660 0.744129 0.070608 0.121137
0 0.939245 0.778739 0.085386 0.145859
