0 0.036842 0.148069 0.063158 0.120172
0 0.032237 0.507511 0.061842 0.169528
0 0.175658 0.396996 0.056579 0.103004
0 0.142763 0.306867 0.032895 0.064378
0 0.201974 0.320815 0.040789 0.062232
0 0.259868 0.283262 0.035526 0.064378
0 0.322368 0.292918 0.036842 0.057940
0 0.355263 0.269313 0.028947 0.049356
0 0.396053 0.288627 0.026316 0.053648
0 0.436842 0.248927 0.026316 0.038627
0 0.477632 0.262876 0.021053 0.027897
0 0.488816 0.244635 0.019737 0.038627
0 0.512500 0.241416 0.017105 0.027897
0 0.538158 0.245708 0.021053 0.040773
0 0.271711 0.448498 0.056579 0.111588
0 0.350000 0.360515 0.044737 0.077253
0 0.466447 0.330472 0.043421 0.094421
0 0.485526 0.301502 0.028947 0.062232
0 0.556579 0.327253 0.028947 0.070815
0 0.548684 0.301502 0.034211 0.040773
0 0.612500 0.269313 0.025000 0.053648
0 0.628289 0.300429 0.032895 0.060086
0 0.673026 0.282189 0.022368 0.053648
0 0.660526 0.263948 0.018421 0.038627
0 0.407237 0.629828 0.117105 0.208155
0 0.612500 0.464592 0.077632 0.160944
0 0.732895 0.368026 0.052632 0.109442
0 0.793421 0.337983 0.034211 0.083691
0 0.819737 0.301502 0.034211 0.066524
0 0.848684 0.301502 0.031579 0.066524
0 0.767763 0.682403 0.130263 0.270386
0 0.840789 0.541845 0.084211 0.156652
0 0.905263 0.440987 0.063158 0.130901
0 0.905921 0.350858 0.051316 0.092275
0 0.944737 0.307940 0.031579 0.057940
0 0.986842 0.152361 0.026316 0.055794
