0 0.019152 0.419689 0.032832 0.072539
0 0.059508 0.420984 0.042408 0.085492
0 0.109439 0.439119 0.043776 0.080311
0 0.162791 0.470207 0.046512 0.085492
0 0.190834 0.433938 0.028728 0.064767
0 0.253762 0.457254 0.056088 0.101036
0 0.301642 0.457254 0.028728 0.064767
0 0.322161 0.415803 0.028728 0.059585
0 0.367305 0.424870 0.028728 0.072539
0 0.415185 0.414508 0.036936 0.082902
0 0.376881 0.538860 0.047880 0.108808
0 0.479480 0.474093 0.053352 0.129534
0 0.564295 0.441710 0.064295 0.147668
0 0.649111 0.436528 0.047880 0.116580
0 0.742818 0.415803 0.051984 0.101036
0 0.775650 0.457254 0.030096 0.080311
0 0.891929 0.405440 0.049248 0.106218
0 0.686731 0.449482 0.032832 0.085492
