0 0.032491 0.610656 0.061372 0.166667
0 0.066787 0.489071 0.050542 0.092896
0 0.017148 0.463115 0.030686 0.073770
0 0.027076 0.409836 0.032491 0.049180
0 0.049639 0.422131 0.023466 0.040984
0 0.064982 0.422131 0.028881 0.051913
0 0.089350 0.457650 0.037906 0.073770
0 0.142599 0.415301 0.025271 0.054645
0 0.201264 0.490437 0.048736 0.101093
0 0.182310 0.448087 0.032491 0.060109
0 0.115523 0.381148 0.018051 0.030055
0 0.074910 0.372951 0.012635 0.019126
0 0.057762 0.375683 0.014440 0.024590
0 0.042419 0.387978 0.012635 0.021858
0 0.355596 0.438525 0.032491 0.073770
0 0.381769 0.419399 0.027076 0.046448
0 0.461191 0.439891 0.030686 0.071038
0 0.509928 0.409836 0.030686 0.049180
0 0.565884 0.437158 0.030686 0.054645
0 0.614621 0.480874 0.048736 0.076503
0 0.625451 0.427596 0.034296 0.051913
0 0.689531 0.457650 0.043321 0.079235
0 0.674188 0.420765 0.027076 0.049180
0 0.695848 0.408470 0.019856 0.046448
0 0.720217 0.416667 0.021661 0.051913
0 0.738267 0.408470 0.018051 0.040984
0 0.771661 0.452186 0.034296 0.062842
0 0.838448 0.430328 0.030686 0.051913
0 0.887184 0.412568 0.023466 0.054645
0 0.935018 0.416667 0.028881 0.046448
0 0.628159 0.392077 0.025271 0.035519
0 0.604693 0.385246 0.021661 0.032787
0 0.575812 0.389344 0.014440 0.030055
0 0.472022 0.389344 0.016245 0.030055
0 0.430505 0.422131 0.027076 0.046448
0 0.437726 0.394809 0.019856 0.030055
0 0.454874 0.374317 0.014440 0.021858
0 0.329422 0.393443 0.019856 0.038251
0 0.311372 0.397541 0.016245 0.035519
0 0.276173 0.382514 0.018051 0.027322
0 0.240072 0.389344 0.018051 0.030055
0 0.226534 0.374317 0.016245 0.027322
0 0.204874 0.377049 0.016245 0.021858
0 0.171480 0.374317 0.014440 0.027322
