0 0.046000 0.657100 0.072000 0.141994
0 0.074000 0.540785 0.040000 0.084592
0 0.018000 0.429003 0.032000 0.060423
0 0.131000 0.536254 0.046000 0.063444
0 0.168000 0.534743 0.036000 0.060423
0 0.191000 0.453172 0.034000 0.048338
0 0.214000 0.635952 0.060000 0.093656
0 0.224000 0.536254 0.040000 0.057402
0 0.281000 0.521148 0.030000 0.057402
0 0.340000 0.623867 0.076000 0.123867
0 0.331000 0.543807 0.034000 0.054381
0 0.383000 0.527190 0.030000 0.051360
0 0.385000 0.439577 0.030000 0.045317
0 0.421000 0.521148 0.026000 0.039275
0 0.425000 0.589124 0.050000 0.090634
0 0.473000 0.610272 0.066000 0.102719
0 0.476000 0.522659 0.028000 0.042296
0 0.561000 0.554381 0.050000 0.057402
0 0.546000 0.607251 0.048000 0.084592
0 0.621000 0.528701 0.026000 0.048338
0 0.636000 0.572508 0.032000 0.063444
0 0.659000 0.527190 0.026000 0.045317
0 0.670000 0.416918 0.028000 0.042296
0 0.691000 0.536254 0.026000 0.045317
0 0.903000 0.657100 0.086000 0.148036
0 0.966000 0.575529 0.064000 0.111782
0 0.919000 0.536254 0.038000 0.075529
