0 0.479675 0.535417 0.081301 0.137500
0 0.403794 0.497917 0.070461 0.129167
0 0.113821 0.400000 0.065041 0.091667
0 0.079946 0.352083 0.029810 0.045833
0 0.042005 0.393750 0.046070 0.070833
0 0.048780 0.350000 0.032520 0.050000
0 0.136856 0.341667 0.024390 0.058333
0 0.151762 0.327083 0.027100 0.045833
0 0.165312 0.381250 0.037940 0.070833
0 0.207317 0.383333 0.029810 0.058333
0 0.218157 0.325000 0.029810 0.050000
0 0.258808 0.327083 0.024390 0.045833
0 0.298103 0.406250 0.048780 0.070833
0 0.336043 0.425000 0.043360 0.066667
0 0.283198 0.345833 0.029810 0.050000
0 0.336043 0.312500 0.021680 0.041667
0 0.363144 0.320833 0.027100 0.033333
0 0.414634 0.333333 0.032520 0.041667
0 0.430894 0.379167 0.043360 0.058333
0 0.451220 0.312500 0.029810 0.058333
0 0.491870 0.377083 0.035230 0.062500
0 0.510840 0.343750 0.029810 0.045833
0 0.485095 0.318750 0.027100 0.045833
0 0.501355 0.302083 0.021680 0.037500
0 0.531165 0.310417 0.021680 0.037500
0 0.555556 0.306250 0.016260 0.045833
0 0.574526 0.364583 0.037940 0.062500
0 0.612466 0.362500 0.027100 0.050000
0 0.609756 0.314583 0.016260 0.037500
0 0.646341 0.310417 0.024390 0.054167
0 0.684282 0.314583 0.018970 0.045833
0 0.707317 0.247917 0.021680 0.029167
0 0.548780 0.458333 0.056911 0.091667
0 0.627371 0.439583 0.046070 0.087500
0 0.693767 0.470833 0.059621 0.100000
0 0.760163 0.583333 0.089431 0.175000
0 0.834688 0.518750 0.065041 0.120833
0 0.888889 0.439583 0.048780 0.079167
0 0.837398 0.389583 0.037940 0.062500
0 0.789973 0.397917 0.046070 0.079167
0 0.737127 0.356250 0.027100 0.045833
0 0.711382 0.333333 0.024390 0.041667
0 0.792683 0.341667 0.024390 0.050000
0 0.761518 0.345833 0.027100 0.050000
0 0.836043 0.354167 0.029810 0.050000
0 0.865854 0.368750 0.029810 0.054167
0 0.901084 0.364583 0.024390 0.045833
0 0.899729 0.339583 0.021680 0.037500
0 0.964770 0.389583 0.032520 0.062500
0 0.970190 0.341667 0.027100 0.050000
0 0.987805 0.368750 0.024390 0.045833
0 0.930894 0.370833 0.024390 0.058333
