0 0.098333 0.373750 0.033333 0.067500
0 0.145833 0.410000 0.031667 0.055000
0 0.174167 0.408750 0.025000 0.052500
0 0.208333 0.406250 0.033333 0.057500
0 0.235000 0.400000 0.023333 0.060000
0 0.260833 0.405000 0.031667 0.045000
0 0.298333 0.388750 0.026667 0.047500
0 0.320000 0.403750 0.030000 0.052500
0 0.358333 0.387500 0.030000 0.065000
0 0.382500 0.402500 0.031667 0.050000
0 0.407500 0.368750 0.028333 0.042500
0 0.433333 0.382500 0.026667 0.060000
0 0.465000 0.398750 0.026667 0.052500
0 0.475833 0.351250 0.025000 0.052500
0 0.496667 0.388750 0.026667 0.047500
0 0.528333 0.376250 0.033333 0.062500
0 0.550833 0.381250 0.028333 0.052500
0 0.594167 0.385000 0.028333 0.060000
0 0.617500 0.396250 0.028333 0.047500
0 0.628333 0.368750 0.026667 0.052500
0 0.646667 0.378750 0.030000 0.052500
0 0.685833 0.392500 0.028333 0.050000
0 0.716667 0.385000 0.030000 0.050000
0 0.704167 0.368750 0.025000 0.032500
0 0.765833 0.390000 0.031667 0.055000
0 0.793333 0.378750 0.023333 0.062500
0 0.820833 0.381250 0.028333 0.057500
0 0.872500 0.395000 0.028333 0.045000
0 0.920833 0.371250 0.031667 0.057500
