0 0.137000 0.785285 0.094000 0.147147
0 0.263000 0.423423 0.054000 0.078078
0 0.394000 0.657658 0.072000 0.132132
0 0.552000 0.876877 0.144000 0.228228
0 0.604000 0.633634 0.076000 0.138138
0 0.653000 0.599099 0.054000 0.087087
0 0.600000 0.509009 0.028000 0.045045
0 0.650000 0.465465 0.020000 0.042042
0 0.683000 0.478979 0.026000 0.051051
0 0.747000 0.480480 0.026000 0.048048
0 0.752000 0.572072 0.048000 0.069069
0 0.772000 0.684685 0.076000 0.132132
0 0.781000 0.493994 0.030000 0.045045
0 0.799000 0.450450 0.026000 0.042042
0 0.873000 0.462462 0.030000 0.042042
0 0.923000 0.463964 0.030000 0.051051
0 0.937000 0.866366 0.126000 0.255255
0 0.907000 0.593093 0.058000 0.099099
0 0.948000 0.566066 0.052000 0.081081
0 0.927000 0.540541 0.042000 0.066066
