0 0.178824 0.526502 0.080000 0.127208
0 0.108235 0.477032 0.070588 0.120141
0 0.029412 0.420495 0.049412 0.084806
0 0.071765 0.385159 0.044706 0.084806
0 0.050588 0.321555 0.035294 0.049470
0 0.156471 0.411661 0.058824 0.088339
0 0.242353 0.362191 0.032941 0.060071
0 0.284706 0.438163 0.065882 0.113074
0 0.335294 0.355124 0.030588 0.053004
0 0.385882 0.342756 0.037647 0.070671
0 0.460000 0.224382 0.138824 0.250883
0 0.554118 0.318021 0.035294 0.070671
0 0.594118 0.388693 0.049412 0.091873
0 0.615294 0.330389 0.035294 0.053004
0 0.643529 0.300353 0.025882 0.056537
0 0.661176 0.332155 0.028235 0.049470
0 0.684706 0.340989 0.023529 0.053004
0 0.737647 0.383392 0.054118 0.088339
0 0.788235 0.473498 0.089412 0.141343
0 0.751765 0.312721 0.035294 0.053004
0 0.780000 0.318021 0.025882 0.056537
0 0.802353 0.337456 0.042353 0.081272
0 0.856471 0.386926 0.047059 0.088339
0 0.880000 0.462898 0.056471 0.113074
0 0.874118 0.234982 0.030588 0.045936
0 0.902353 0.310954 0.030588 0.063604
0 0.954118 0.344523 0.035294 0.067138
0 0.961176 0.295053 0.030588 0.053004
