0 0.059000 0.246000 0.046000 0.100000
0 0.086000 0.508000 0.056000 0.104000
0 0.169000 0.470000 0.050000 0.108000
0 0.144000 0.296000 0.044000 0.088000
0 0.169000 0.146000 0.034000 0.092000
0 0.223000 0.246000 0.042000 0.108000
0 0.259000 0.242000 0.034000 0.092000
0 0.264000 0.166000 0.036000 0.084000
0 0.316000 0.146000 0.032000 0.076000
0 0.312000 0.272000 0.040000 0.072000
0 0.230000 0.434000 0.044000 0.108000
0 0.294000 0.474000 0.052000 0.108000
0 0.375000 0.260000 0.038000 0.096000
0 0.352000 0.428000 0.048000 0.104000
0 0.416000 0.480000 0.048000 0.120000
0 0.439000 0.546000 0.066000 0.172000
0 0.494000 0.456000 0.044000 0.112000
0 0.409000 0.240000 0.030000 0.096000
0 0.383000 0.132000 0.030000 0.080000
0 0.429000 0.136000 0.026000 0.072000
0 0.461000 0.130000 0.030000 0.076000
0 0.447000 0.238000 0.038000 0.092000
0 0.494000 0.220000 0.032000 0.072000
0 0.513000 0.132000 0.034000 0.080000
0 0.527000 0.268000 0.038000 0.088000
0 0.564000 0.278000 0.032000 0.092000
0 0.577000 0.394000 0.050000 0.116000
0 0.551000 0.540000 0.066000 0.152000
0 0.660000 0.496000 0.060000 0.144000
0 0.616000 0.250000 0.036000 0.100000
0 0.566000 0.156000 0.036000 0.088000
0 0.601000 0.136000 0.038000 0.080000
0 0.644000 0.144000 0.028000 0.072000
0 0.688000 0.204000 0.036000 0.088000
0 0.715000 0.368000 0.042000 0.088000
0 0.759000 0.224000 0.038000 0.088000
0 0.758000 0.470000 0.056000 0.148000
0 0.823000 0.428000 0.050000 0.104000
0 0.874000 0.390000 0.036000 0.100000
0 0.930000 0.430000 0.044000 0.116000
0 0.862000 0.260000 0.044000 0.104000
