0 0.124615 0.218245 0.083077 0.122402
0 0.075385 0.428406 0.055385 0.090069
0 0.322308 0.423788 0.047692 0.076212
0 0.296154 0.421478 0.041538 0.076212
0 0.388462 0.386836 0.041538 0.080831
0 0.473846 0.493072 0.080000 0.122402
0 0.506923 0.386836 0.047692 0.080831
0 0.569231 0.396074 0.052308 0.071594
0 0.574615 0.527714 0.118462 0.182448
0 0.671538 0.426097 0.056923 0.108545
0 0.719231 0.414550 0.047692 0.071594
0 0.673077 0.286374 0.038462 0.064665
0 0.842308 0.643187 0.112308 0.191686
0 0.893846 0.558891 0.095385 0.161663
0 0.931538 0.471132 0.069231 0.106236
0 0.901538 0.399538 0.061538 0.092379
