0 0.049167 0.614713 0.055000 0.087282
0 0.089167 0.557357 0.035000 0.052369
0 0.110000 0.594763 0.040000 0.057357
0 0.020000 0.603491 0.036667 0.064838
0 0.148333 0.761845 0.096667 0.152120
0 0.167500 0.841646 0.111667 0.157107
0 0.284167 0.852868 0.125000 0.234414
0 0.314167 0.697007 0.068333 0.102244
0 0.263333 0.700748 0.063333 0.084788
0 0.265000 0.642145 0.050000 0.077307
0 0.157500 0.634663 0.055000 0.082294
0 0.180833 0.604738 0.045000 0.067332
0 0.301667 0.608479 0.040000 0.059850
0 0.380000 0.652120 0.056667 0.092269
0 0.522500 0.447631 0.125000 0.226933
0 0.653333 0.788030 0.086667 0.184539
0 0.713333 0.642145 0.050000 0.097257
0 0.766667 0.638404 0.056667 0.109726
0 0.826667 0.630923 0.060000 0.099751
0 0.818333 0.795511 0.080000 0.134663
0 0.920833 0.831671 0.115000 0.177057
0 0.920833 0.704489 0.055000 0.092269
0 0.911667 0.618454 0.050000 0.079800
0 0.972500 0.634663 0.051667 0.077307
0 0.976667 0.766833 0.046667 0.137157
