0 0.137500 0.717325 0.120833 0.164134
0 0.207292 0.604863 0.075000 0.136778
0 0.145313 0.531915 0.051042 0.082067
0 0.091146 0.522796 0.046875 0.072948
0 0.234896 0.504559 0.042708 0.063830
0 0.347917 0.370821 0.037500 0.057751
0 0.306771 0.582067 0.059375 0.091185
0 0.341667 0.702888 0.095833 0.141337
0 0.440104 0.659574 0.088542 0.145897
0 0.382292 0.538754 0.047917 0.098784
0 0.422396 0.512158 0.034375 0.069909
0 0.488021 0.569909 0.051042 0.091185
0 0.518750 0.564590 0.056250 0.107903
0 0.551042 0.503799 0.043750 0.068389
0 0.578125 0.716565 0.106250 0.174772
0 0.635938 0.591945 0.078125 0.135258
0 0.673438 0.542553 0.059375 0.088146
0 0.650000 0.503040 0.045833 0.057751
0 0.890104 0.731003 0.119792 0.215805
0 0.845313 0.618541 0.076042 0.127660
0 0.821354 0.591945 0.048958 0.098784
0 0.797917 0.534954 0.054167 0.069909
0 0.777083 0.512158 0.039583 0.063830
