0 0.040000 0.436000 0.052000 0.082667
0 0.111000 0.410667 0.026000 0.053333
0 0.173000 0.468000 0.058000 0.077333
0 0.160000 0.432000 0.036000 0.042667
0 0.266000 0.524000 0.068000 0.136000
0 0.259000 0.442667 0.046000 0.064000
0 0.228000 0.406667 0.036000 0.045333
0 0.273000 0.404000 0.034000 0.050667
0 0.325000 0.397333 0.022000 0.037333
0 0.360000 0.437333 0.044000 0.074667
0 0.400000 0.418667 0.028000 0.048000
0 0.412000 0.397333 0.020000 0.032000
0 0.199000 0.860000 0.310000 0.274667
0 0.499000 0.410667 0.034000 0.064000
0 0.471000 0.397333 0.014000 0.026667
0 0.530000 0.480000 0.060000 0.101333
0 0.541000 0.396000 0.018000 0.034667
0 0.580000 0.410667 0.028000 0.042667
0 0.636000 0.418667 0.032000 0.048000
0 0.692000 0.452000 0.044000 0.072000
0 0.708000 0.418667 0.020000 0.037333
0 0.734000 0.300000 0.056000 0.088000
0 0.687000 0.606667 0.118000 0.200000
0 0.868000 0.432000 0.032000 0.053333
0 0.927000 0.425333 0.030000 0.050667
0 0.934000 0.520000 0.080000 0.112000
