0 0.082917 0.538961 0.089167 0.125541
0 0.038333 0.616162 0.070000 0.167388
0 0.082917 0.393939 0.035833 0.069264
0 0.132083 0.294372 0.024167 0.054834
0 0.125000 0.422078 0.038333 0.070707
0 0.238333 0.458874 0.068333 0.121212
0 0.228750 0.379509 0.030833 0.049062
0 0.285833 0.421356 0.035000 0.075036
0 0.278333 0.734488 0.170000 0.279942
0 0.365833 0.459596 0.056667 0.088023
0 0.429583 0.387446 0.024167 0.041847
0 0.469167 0.378788 0.020000 0.038961
0 0.510000 0.380231 0.020000 0.044733
0 0.503750 0.480519 0.074167 0.132756
0 0.542500 0.394661 0.020000 0.041847
0 0.548750 0.367244 0.020833 0.044733
0 0.616250 0.471140 0.070833 0.119769
0 0.697500 0.253247 0.055000 0.102453
0 0.925000 0.626263 0.131667 0.248196
0 0.897083 0.487013 0.099167 0.165945
