0 0.038281 0.663701 0.026562 0.081851
0 0.088281 0.685053 0.035937 0.096085
0 0.121875 0.802491 0.059375 0.160142
0 0.178906 0.741993 0.042188 0.096085
0 0.364063 0.902135 0.075000 0.167260
0 0.765625 0.937722 0.053125 0.103203
0 0.110156 0.510676 0.020313 0.039146
0 0.083594 0.505338 0.014063 0.035587
0 0.205469 0.526690 0.014063 0.042705
0 0.231250 0.508897 0.012500 0.028470
0 0.272656 0.564057 0.017188 0.046263
0 0.235156 0.565836 0.014063 0.035587
0 0.252344 0.521352 0.010937 0.024911
0 0.332813 0.544484 0.018750 0.035587
0 0.400000 0.628114 0.034375 0.067616
0 0.442188 0.658363 0.021875 0.064057
0 0.504687 0.677936 0.025000 0.067616
0 0.550000 0.637011 0.018750 0.042705
0 0.570312 0.587189 0.018750 0.042705
0 0.589063 0.693950 0.021875 0.049822
0 0.625000 0.651246 0.025000 0.078292
0 0.668750 0.683274 0.034375 0.092527
0 0.714063 0.708185 0.028125 0.078292
0 0.697656 0.642349 0.023438 0.053381
0 0.674219 0.581851 0.020313 0.053381
0 0.632031 0.565836 0.014063 0.049822
0 0.590625 0.549822 0.018750 0.039146
0 0.778906 0.617438 0.023438 0.060498
0 0.738281 0.667260 0.026562 0.074733
0 0.803125 0.722420 0.034375 0.085409
0 0.763281 0.581851 0.020313 0.046263
0 0.792188 0.546263 0.015625 0.039146
0 0.809375 0.604982 0.015625 0.035587
0 0.127344 0.425267 0.017188 0.032028
0 0.156250 0.416370 0.009375 0.035587
