0 0.075781 0.243056 0.065625 0.158333
0 0.054297 0.154861 0.044531 0.084722
0 0.011328 0.223611 0.019531 0.113889
0 0.178125 0.191667 0.040625 0.083333
0 0.194922 0.254167 0.038281 0.086111
0 0.278516 0.238889 0.055469 0.116667
0 0.300781 0.197222 0.050000 0.094444
0 0.391406 0.225694 0.042188 0.090278
0 0.483594 0.211806 0.035937 0.073611
0 0.519141 0.211806 0.052344 0.115278
0 0.559766 0.187500 0.033594 0.102778
0 0.594141 0.179861 0.032031 0.070833
0 0.662500 0.205556 0.037500 0.097222
0 0.696875 0.203472 0.035937 0.079167
0 0.792578 0.188194 0.035156 0.095833
0 0.927344 0.418056 0.109375 0.236111
