0 0.091111 0.773333 0.177778 0.413333
0 0.106667 0.591667 0.071111 0.103333
0 0.177778 0.578333 0.057778 0.096667
0 0.248889 0.620000 0.066667 0.120000
0 0.295556 0.693333 0.084444 0.166667
0 0.268889 0.580000 0.053333 0.080000
0 0.396667 0.450000 0.046667 0.093333
0 0.447778 0.396667 0.060000 0.100000
0 0.431111 0.620000 0.084444 0.160000
0 0.536667 0.595000 0.060000 0.096667
0 0.602222 0.630000 0.071111 0.120000
0 0.720000 0.610000 0.071111 0.113333
0 0.695556 0.898333 0.177778 0.203333
0 0.896667 0.878333 0.135556 0.176667
