0 0.052609 0.406092 0.094697 0.142992
0 0.159091 0.383523 0.063131 0.116793
0 0.135101 0.263100 0.043350 0.060922
0 0.241372 0.221591 0.032828 0.053662
0 0.257155 0.360322 0.046296 0.081124
0 0.291456 0.329388 0.046296 0.084280
0 0.321759 0.316130 0.037879 0.064078
0 0.337437 0.293087 0.030093 0.068497
0 0.581229 0.309975 0.029461 0.053662
0 0.620896 0.303977 0.037247 0.063131
0 0.639836 0.349905 0.045665 0.083018
0 0.684659 0.333491 0.058291 0.086174
0 0.752420 0.350379 0.070076 0.119949
0 0.835543 0.213542 0.110059 0.172664
