0 0.097321 0.663712 0.052797 0.086288
0 0.048069 0.635343 0.044129 0.062648
0 0.081166 0.618794 0.050433 0.067376
0 0.208826 0.693262 0.056738 0.088652
0 0.267533 0.615248 0.046493 0.076832
0 0.271080 0.583924 0.025217 0.044917
0 0.282900 0.567967 0.033097 0.048463
0 0.362884 0.621158 0.044917 0.076832
0 0.356974 0.573286 0.033097 0.037825
0 0.539401 0.494090 0.027581 0.059102
0 0.770292 0.591017 0.024429 0.044917
0 0.804571 0.611111 0.040977 0.068558
0 0.839638 0.546099 0.026005 0.037825
0 0.857762 0.557920 0.026005 0.047281
0 0.907407 0.612293 0.041765 0.070922
0 0.924744 0.592199 0.038613 0.059102
0 0.932230 0.680260 0.064618 0.109929
0 0.988968 0.548463 0.022065 0.049645
