0 0.129474 0.542837 0.069474 0.119382
0 0.200526 0.554073 0.053684 0.080056
0 0.174211 0.509831 0.036842 0.053371
0 0.199474 0.490169 0.026316 0.047753
0 0.166316 0.478933 0.021053 0.028090
0 0.187368 0.476826 0.018947 0.032303
0 0.226316 0.476826 0.021053 0.032303
0 0.270526 0.478933 0.021053 0.033708
0 0.307368 0.492978 0.025263 0.044944
0 0.304737 0.542837 0.051579 0.071629
0 0.350526 0.542837 0.071579 0.119382
0 0.333684 0.468399 0.021053 0.032303
0 0.351053 0.481742 0.015789 0.030899
0 0.368421 0.476124 0.014737 0.028090
0 0.375789 0.471208 0.014737 0.023876
0 0.392632 0.504213 0.025263 0.044944
0 0.419474 0.481039 0.017895 0.032303
0 0.433684 0.469101 0.014737 0.028090
0 0.453684 0.476124 0.018947 0.036517
0 0.474211 0.513343 0.032632 0.051966
0 0.497895 0.552669 0.052632 0.094101
0 0.491053 0.480337 0.022105 0.033708
0 0.506316 0.469101 0.012632 0.036517
0 0.527368 0.486657 0.023158 0.040730
0 0.552105 0.533708 0.036842 0.075843
0 0.581053 0.488764 0.033684 0.047753
0 0.567895 0.474017 0.017895 0.032303
0 0.640000 0.483146 0.023158 0.047753
0 0.694211 0.516152 0.055789 0.085674
0 0.779474 0.481742 0.030526 0.047753
0 0.858421 0.484551 0.038947 0.061798
0 0.884737 0.544944 0.049474 0.078652
0 0.956842 0.519663 0.040000 0.070225
0 0.976842 0.511236 0.033684 0.067416
