0 0.069141 0.362881 0.041406 0.069252
0 0.092969 0.322715 0.025000 0.033241
0 0.136719 0.336565 0.025000 0.041551
0 0.158203 0.426593 0.063281 0.110803
0 0.216797 0.346953 0.030469 0.056787
0 0.260937 0.397507 0.065625 0.116343
0 0.352734 0.345568 0.025781 0.042936
0 0.360156 0.403047 0.043750 0.072022
0 0.496875 0.402355 0.043750 0.076177
0 0.469531 0.279778 0.020313 0.036011
0 0.478125 0.362188 0.029687 0.037396
0 0.468359 0.331025 0.017969 0.033241
0 0.545703 0.367036 0.027344 0.052632
0 0.576562 0.365651 0.017188 0.024931
0 0.852734 0.524238 0.072656 0.131579
0 0.827734 0.414127 0.038281 0.077562
0 0.899219 0.367036 0.023438 0.052632
0 0.918359 0.369806 0.032031 0.058172
0 0.955469 0.415512 0.045312 0.085873
0 0.015234 0.376039 0.028906 0.078947
