0 0.125488 0.567708 0.061523 0.083333
0 0.182617 0.617839 0.066406 0.100260
0 0.352051 0.619792 0.069336 0.109375
0 0.462891 0.639323 0.062500 0.096354
0 0.566406 0.629557 0.060547 0.082031
0 0.679199 0.626302 0.063477 0.085938
0 0.022949 0.576823 0.041992 0.080729
0 0.040527 0.524740 0.057617 0.072917
0 0.093262 0.495443 0.043945 0.058594
0 0.122559 0.500651 0.034180 0.053385
0 0.116211 0.457682 0.044922 0.053385
0 0.172363 0.438802 0.041992 0.057292
0 0.191895 0.439453 0.028320 0.053385
0 0.202148 0.430339 0.021484 0.048177
0 0.237305 0.418620 0.023438 0.042969
0 0.254395 0.427734 0.022461 0.035156
0 0.257324 0.361328 0.024414 0.045573
0 0.482422 0.312500 0.023438 0.039062
0 0.811523 0.655599 0.060547 0.105469
0 0.875488 0.618490 0.055664 0.078125
0 0.913574 0.635417 0.065430 0.096354
0 0.968750 0.590495 0.050781 0.076823
0 0.927246 0.546875 0.055664 0.075521
0 0.878418 0.530599 0.045898 0.063802
0 0.846680 0.515625 0.052734 0.067708
0 0.794434 0.508464 0.036133 0.042969
0 0.771973 0.472005 0.038086 0.050781
0 0.742188 0.457031 0.029297 0.041667
0 0.702148 0.444661 0.021484 0.037760
0 0.722656 0.431641 0.023438 0.037760
