0 0.140000 0.217333 0.140000 0.205333
0 0.288000 0.429333 0.056000 0.090667
0 0.317000 0.369333 0.034000 0.056000
0 0.295000 0.341333 0.026000 0.042667
0 0.387000 0.326667 0.030000 0.050667
0 0.392000 0.412000 0.048000 0.082667
0 0.449000 0.425333 0.054000 0.077333
0 0.455000 0.334667 0.026000 0.040000
0 0.521000 0.478667 0.066000 0.109333
0 0.516000 0.398667 0.040000 0.061333
0 0.554000 0.381333 0.040000 0.053333
0 0.534000 0.336000 0.028000 0.048000
0 0.661000 0.492000 0.070000 0.093333
0 0.627000 0.420000 0.054000 0.082667
0 0.656000 0.398667 0.048000 0.072000
0 0.653000 0.328000 0.026000 0.048000
0 0.728000 0.332000 0.024000 0.040000
0 0.768000 0.416000 0.044000 0.064000
0 0.764000 0.554667 0.096000 0.128000
0 0.893000 0.472000 0.082000 0.101333
0 0.789000 0.389333 0.034000 0.048000
0 0.770000 0.352000 0.032000 0.048000
0 0.815000 0.333333 0.030000 0.048000
0 0.877000 0.372000 0.042000 0.061333
0 0.955000 0.396000 0.050000 0.072000
0 0.917000 0.349333 0.026000 0.048000
