0 0.098257 0.604615 0.080824 0.172308
0 0.042393 0.546154 0.054675 0.095385
0 0.137480 0.472308 0.054675 0.092308
0 0.112520 0.443846 0.036450 0.072308
0 0.080032 0.383846 0.041204 0.069231
0 0.049128 0.360000 0.026941 0.052308
0 0.059033 0.306154 0.022979 0.046154
0 0.128764 0.373846 0.030903 0.058462
0 0.170365 0.402308 0.034865 0.066154
0 0.213154 0.380000 0.023772 0.052308
0 0.248019 0.460000 0.039620 0.073846
0 0.218700 0.525385 0.057052 0.109231
0 0.356181 0.833846 0.135499 0.252308
0 0.517036 0.781538 0.095880 0.181538
0 0.487322 0.553846 0.063391 0.141538
0 0.448098 0.470769 0.037242 0.070769
0 0.358162 0.620769 0.068146 0.164615
0 0.336371 0.494615 0.046751 0.090769
0 0.367274 0.434615 0.035658 0.066154
0 0.371632 0.402308 0.033281 0.060000
0 0.359746 0.357692 0.022187 0.050769
0 0.299525 0.426154 0.028526 0.061538
0 0.248811 0.397692 0.026941 0.060000
0 0.233360 0.355385 0.022979 0.043077
0 0.289620 0.364615 0.021395 0.046154
0 0.314580 0.386923 0.020602 0.044615
0 0.325674 0.367692 0.020602 0.043077
0 0.442948 0.400769 0.025357 0.047692
0 0.518225 0.428462 0.033281 0.066154
0 0.569731 0.509231 0.052298 0.123077
0 0.629160 0.475385 0.036450 0.080000
0 0.693740 0.486923 0.057845 0.124615
0 0.725436 0.686923 0.091125 0.183077
0 0.788431 0.621538 0.077655 0.147692
0 0.889857 0.590769 0.066561 0.144615
0 0.885499 0.496923 0.046751 0.080000
0 0.932647 0.473077 0.049128 0.093846
0 0.980586 0.453846 0.038827 0.067692
0 0.973059 0.406923 0.034865 0.078462
0 0.877575 0.423077 0.029319 0.067692
0 0.811014 0.433077 0.029319 0.066154
0 0.839144 0.437692 0.031696 0.060000
0 0.835182 0.393077 0.026941 0.053846
0 0.794770 0.404615 0.030111 0.061538
0 0.772979 0.479231 0.046751 0.081538
0 0.755943 0.440769 0.033281 0.066154
0 0.753962 0.390769 0.029319 0.055385
0 0.722662 0.380000 0.025357 0.030769
0 0.717908 0.416923 0.030111 0.058462
0 0.642631 0.421538 0.025357 0.055385
0 0.620048 0.373077 0.021395 0.044615
0 0.631537 0.355385 0.020602 0.040000
0 0.597068 0.400769 0.027734 0.047692
0 0.550317 0.403077 0.027734 0.055385
0 0.566957 0.363077 0.016640 0.046154
0 0.583201 0.373077 0.017433 0.047692
0 0.530507 0.369231 0.022979 0.046154
0 0.492868 0.387692 0.026941 0.049231
0 0.493265 0.353846 0.022979 0.040000
