0 0.473750 0.703333 0.197500 0.260000
0 0.611250 0.570000 0.145000 0.203333
0 0.755625 0.462500 0.126250 0.201667
0 0.850625 0.431667 0.096250 0.160000
0 0.907500 0.390000 0.080000 0.130000
0 0.965625 0.357500 0.061250 0.121667
0 0.134375 0.428333 0.101250 0.143333
0 0.291250 0.409167 0.082500 0.131667
0 0.468750 0.352500 0.080000 0.105000
0 0.508750 0.324167 0.062500 0.105000
0 0.603750 0.294167 0.050000 0.105000
0 0.655000 0.286667 0.047500 0.083333
0 0.684375 0.249167 0.051250 0.075000
0 0.729375 0.265833 0.043750 0.075000
0 0.768750 0.250000 0.042500 0.063333
0 0.795625 0.245833 0.038750 0.065000
0 0.809375 0.220833 0.041250 0.065000
0 0.841250 0.219167 0.035000 0.058333
0 0.868125 0.220833 0.031250 0.048333
0 0.883125 0.202500 0.031250 0.058333
0 0.081875 0.316667 0.061250 0.080000
0 0.210625 0.276667 0.073750 0.090000
0 0.300625 0.295833 0.058750 0.085000
0 0.371875 0.264167 0.051250 0.078333
0 0.438125 0.239167 0.051250 0.071667
0 0.485625 0.231667 0.043750 0.070000
0 0.516875 0.222500 0.043750 0.058333
0 0.568750 0.218333 0.037500 0.066667
0 0.598750 0.215833 0.035000 0.058333
0 0.648750 0.210833 0.035000 0.048333
0 0.661250 0.200000 0.025000 0.046667
0 0.700000 0.203333 0.025000 0.036667
0 0.019375 0.248333 0.033750 0.076667
0 0.028125 0.220000 0.033750 0.063333
0 0.083125 0.250833 0.043750 0.068333
0 0.079375 0.215000 0.038750 0.046667
0 0.130000 0.195833 0.047500 0.061667
0 0.157500 0.231667 0.050000 0.073333
0 0.206250 0.221667 0.042500 0.050000
0 0.195000 0.196667 0.035000 0.036667
0 0.235625 0.196667 0.031250 0.056667
0 0.261875 0.215833 0.038750 0.061667
0 0.278750 0.184167 0.030000 0.045000
0 0.327500 0.177500 0.027500 0.048333
0 0.314375 0.218333 0.031250 0.060000
0 0.364375 0.209167 0.026250 0.055000
0 0.355625 0.167500 0.028750 0.045000
0 0.405000 0.208333 0.030000 0.056667
0 0.401875 0.173333 0.033750 0.043333
0 0.424375 0.202500 0.023750 0.035000
0 0.462500 0.193333 0.032500 0.043333
0 0.516875 0.189167 0.028750 0.035000
0 0.543750 0.185000 0.027500 0.040000
