0 0.099917 0.559850 0.072139 0.107232
0 0.154643 0.555486 0.057214 0.098504
0 0.137231 0.497506 0.043947 0.067332
0 0.155887 0.456359 0.029851 0.049875
0 0.091211 0.488155 0.044776 0.053616
0 0.062604 0.461347 0.035655 0.062344
0 0.068823 0.433292 0.029851 0.041147
0 0.196103 0.470075 0.037313 0.069825
0 0.223466 0.468204 0.027363 0.053616
0 0.209784 0.429551 0.029851 0.046135
0 0.279022 0.509975 0.048922 0.094763
0 0.303897 0.503117 0.037313 0.076060
0 0.269486 0.433915 0.026534 0.049875
0 0.339967 0.475062 0.033167 0.054863
0 0.340381 0.431421 0.029022 0.039900
0 0.405887 0.466334 0.095357 0.179551
0 0.401327 0.796758 0.116086 0.216958
0 0.558043 0.316708 0.094527 0.177057
0 0.686153 0.432045 0.027363 0.051122
0 0.483002 0.506858 0.038972 0.076060
0 0.519071 0.513716 0.028192 0.069825
0 0.508292 0.464464 0.036484 0.058603
0 0.533167 0.429551 0.021559 0.048628
0 0.476368 0.427681 0.024046 0.052369
