0 0.049338 0.599278 0.091456 0.194946
0 0.080626 0.395307 0.057762 0.104693
0 0.113117 0.431408 0.062575 0.090253
0 0.130566 0.397112 0.061372 0.086643
0 0.211191 0.501805 0.085439 0.140794
0 0.333935 0.840253 0.203369 0.319495
0 0.266546 0.404332 0.063779 0.093863
0 0.323105 0.380866 0.046931 0.072202
0 0.359206 0.608303 0.145608 0.212996
0 0.433213 0.410650 0.055355 0.110108
0 0.524669 0.466606 0.079422 0.128159
0 0.571600 0.359206 0.043321 0.083032
0 0.610108 0.352888 0.038508 0.070397
0 0.501805 0.220217 0.033694 0.061372
0 0.645608 0.443141 0.068592 0.135379
0 0.690132 0.508123 0.090253 0.167870
0 0.681107 0.356498 0.045728 0.070397
0 0.748496 0.382671 0.057762 0.097473
0 0.755114 0.331227 0.049338 0.074007
0 0.788207 0.359206 0.052948 0.083032
0 0.864621 0.337545 0.051745 0.079422
0 0.888087 0.356498 0.045728 0.070397
0 0.952467 0.391697 0.063779 0.104693
0 0.968712 0.565884 0.062575 0.196751
0 0.879061 0.766245 0.198556 0.341155
0 0.816486 0.486462 0.078219 0.124549
