0 0.778421 0.289100 0.118947 0.199052
0 0.528421 0.214060 0.031579 0.052133
0 0.462632 0.214850 0.028421 0.050553
0 0.438947 0.250395 0.027368 0.048973
0 0.405263 0.285150 0.031579 0.048973
0 0.386316 0.310427 0.035789 0.074250
0 0.395263 0.213270 0.028421 0.044234
0 0.322105 0.349921 0.044211 0.083728
0 0.315263 0.270932 0.036842 0.061611
0 0.313158 0.206951 0.026316 0.053712
0 0.270526 0.225118 0.027368 0.042654
0 0.219474 0.297788 0.041053 0.071090
0 0.237368 0.372828 0.053684 0.091627
0 0.217895 0.261453 0.035789 0.052133
0 0.177895 0.293839 0.037895 0.060032
0 0.152632 0.251185 0.027368 0.050553
0 0.115789 0.343602 0.050526 0.071090
0 0.139474 0.429700 0.064211 0.116904
0 0.077895 0.257504 0.037895 0.050553
0 0.020526 0.233807 0.036842 0.053712
