0 0.044375 0.668333 0.071250 0.106667
0 0.032500 0.594167 0.045000 0.061667
0 0.026875 0.550833 0.041250 0.048333
0 0.139375 0.532500 0.041250 0.051667
0 0.201875 0.610833 0.066250 0.091667
0 0.240000 0.724167 0.057500 0.105000
0 0.296250 0.855833 0.127500 0.188333
0 0.306250 0.536667 0.037500 0.056667
0 0.365000 0.555833 0.035000 0.055000
0 0.391250 0.582500 0.050000 0.068333
0 0.400625 0.530833 0.033750 0.045000
0 0.490625 0.534167 0.031250 0.038333
0 0.513750 0.565833 0.037500 0.051667
0 0.491250 0.627500 0.065000 0.071667
0 0.598125 0.655000 0.058750 0.090000
0 0.613750 0.603333 0.055000 0.076667
0 0.633750 0.538333 0.037500 0.060000
0 0.693750 0.577500 0.042500 0.068333
0 0.683750 0.527500 0.027500 0.031667
0 0.794375 0.587500 0.063750 0.098333
0 0.733125 0.615000 0.046250 0.076667
0 0.738125 0.725833 0.106250 0.131667
0 0.890000 0.582500 0.045000 0.065000
0 0.935625 0.616667 0.053750 0.060000
0 0.892500 0.530000 0.027500 0.036667
0 0.928750 0.553333 0.040000 0.050000
0 0.942500 0.521667 0.030000 0.043333
0 0.641250 0.437500 0.025000 0.035000
