0 0.031250 0.615000 0.057500 0.096667
0 0.065000 0.493333 0.045000 0.066667
0 0.026250 0.466667 0.037500 0.053333
0 0.108750 0.461667 0.037500 0.050000
0 0.128750 0.506667 0.047500 0.073333
0 0.196250 0.478333 0.037500 0.050000
0 0.231250 0.518333 0.047500 0.070000
0 0.298750 0.446667 0.037500 0.053333
0 0.362500 0.433333 0.040000 0.060000
0 0.280000 0.411667 0.025000 0.036667
0 0.437500 0.435000 0.025000 0.030000
0 0.456250 0.428333 0.022500 0.036667
0 0.472500 0.421667 0.020000 0.030000
0 0.427500 0.413333 0.025000 0.033333
0 0.383750 0.408333 0.027500 0.030000
0 0.500000 0.396667 0.030000 0.046667
0 0.437500 0.591667 0.060000 0.103333
0 0.505000 0.560000 0.045000 0.080000
0 0.567500 0.515000 0.045000 0.063333
0 0.616250 0.568333 0.052500 0.076667
0 0.580000 0.476667 0.040000 0.046667
0 0.603750 0.456667 0.032500 0.046667
0 0.621250 0.431667 0.022500 0.030000
0 0.658750 0.455000 0.027500 0.043333
0 0.671250 0.480000 0.032500 0.046667
0 0.672500 0.441667 0.020000 0.036667
0 0.658750 0.425000 0.022500 0.030000
0 0.696250 0.468333 0.032500 0.050000
0 0.715000 0.485000 0.035000 0.050000
0 0.721250 0.521667 0.037500 0.050000
0 0.747500 0.585000 0.050000 0.076667
0 0.822500 0.548333 0.050000 0.076667
0 0.786250 0.495000 0.032500 0.050000
0 0.761250 0.450000 0.027500 0.046667
0 0.805000 0.473333 0.025000 0.046667
0 0.816250 0.436667 0.022500 0.033333
0 0.837500 0.456667 0.020000 0.033333
0 0.867500 0.471667 0.030000 0.043333
0 0.875000 0.493333 0.035000 0.053333
0 0.945000 0.546667 0.050000 0.073333
0 0.986250 0.625000 0.027500 0.076667
0 0.938750 0.785000 0.092500 0.136667
0 0.728750 0.730000 0.067500 0.120000
