0 0.183662 0.704359 0.144737 0.265625
0 0.078216 0.526864 0.044956 0.055921
0 0.021564 0.518777 0.037281 0.046327
0 0.194536 0.463542 0.033077 0.041118
0 0.204404 0.485197 0.024671 0.037829
0 0.270742 0.500411 0.030885 0.045230
0 0.212171 0.570587 0.066886 0.105537
0 0.328765 0.486157 0.030336 0.044134
0 0.293951 0.468887 0.022478 0.032621
0 0.370980 0.467654 0.024488 0.038925
0 0.397661 0.535225 0.054094 0.081414
0 0.432840 0.604304 0.089364 0.141173
0 0.446546 0.462993 0.025402 0.042215
0 0.532712 0.473547 0.045687 0.078125
0 0.611751 0.537829 0.067434 0.099232
0 0.603253 0.477248 0.031067 0.045504
0 0.604624 0.847177 0.188414 0.281524
0 0.771290 0.650219 0.088633 0.150768
0 0.762153 0.531524 0.052083 0.069627
