0 0.048000 0.593093 0.072000 0.123123
0 0.045000 0.539039 0.058000 0.081081
0 0.074000 0.460961 0.064000 0.105105
0 0.113000 0.444444 0.050000 0.090090
0 0.214000 0.540541 0.068000 0.108108
0 0.223000 0.486486 0.062000 0.090090
0 0.277000 0.534535 0.062000 0.096096
0 0.253000 0.684685 0.094000 0.150150
0 0.364000 0.752252 0.100000 0.165165
0 0.389000 0.533033 0.066000 0.105105
0 0.405000 0.475976 0.058000 0.075075
0 0.483000 0.711712 0.094000 0.186186
0 0.614000 0.579580 0.076000 0.126126
0 0.734000 0.542042 0.064000 0.111111
0 0.655000 0.890390 0.118000 0.201201
0 0.806000 0.632132 0.080000 0.111111
0 0.866000 0.719219 0.084000 0.159159
0 0.928000 0.806306 0.096000 0.165165
0 0.899000 0.593093 0.082000 0.135135
0 0.878000 0.501502 0.060000 0.090090
0 0.735000 0.205706 0.042000 0.081081
