0 0.130556 0.146240 0.046296 0.080780
0 0.165741 0.197772 0.053704 0.083565
0 0.184259 0.335655 0.050000 0.075209
0 0.292593 0.337047 0.066667 0.116992
0 0.391667 0.357939 0.061111 0.103064
0 0.303704 0.122563 0.044444 0.083565
0 0.439815 0.125348 0.046296 0.083565
0 0.438889 0.252089 0.044444 0.080780
0 0.406481 0.224234 0.050000 0.097493
0 0.538889 0.118384 0.044444 0.086351
0 0.692593 0.171309 0.044444 0.086351
0 0.675926 0.110028 0.044444 0.075209
0 0.797222 0.082173 0.053704 0.086351
0 0.837963 0.263231 0.046296 0.080780
0 0.708333 0.384401 0.046296 0.089136
0 0.964815 0.311978 0.055556 0.111421
0 0.924074 0.130919 0.040741 0.077994
