0 0.150367 0.675058 0.104745 0.131366
0 0.155189 0.601562 0.070409 0.085648
0 0.201968 0.599537 0.048225 0.104167
0 0.256462 0.601128 0.045332 0.067998
0 0.334587 0.609375 0.059992 0.090856
0 0.373843 0.620226 0.054398 0.083623
0 0.635706 0.598524 0.041860 0.071470
0 0.663677 0.624855 0.046875 0.084780
0 0.705343 0.635706 0.050347 0.081597
0 0.756559 0.613571 0.050926 0.078414
0 0.800347 0.705006 0.105324 0.145544
0 0.943383 0.633102 0.056520 0.093171
0 0.923997 0.591291 0.043981 0.062789
0 0.981289 0.616030 0.037423 0.100116
