0 0.034375 0.396766 0.063750 0.196517
0 0.037500 0.231343 0.037500 0.084577
0 0.063125 0.199005 0.026250 0.049751
0 0.118125 0.197761 0.026250 0.062189
0 0.136250 0.190299 0.022500 0.052239
0 0.269375 0.223881 0.033750 0.079602
0 0.284375 0.252488 0.036250 0.087065
0 0.338125 0.222637 0.038750 0.082090
0 0.345000 0.167910 0.032500 0.057214
0 0.385000 0.172886 0.027500 0.072139
0 0.408750 0.218905 0.047500 0.099502
0 0.430000 0.186567 0.025000 0.054726
0 0.328750 0.431592 0.105000 0.241294
0 0.608125 0.461443 0.141250 0.325871
0 0.540000 0.124378 0.092500 0.228856
0 0.621875 0.222637 0.038750 0.097015
0 0.645000 0.144279 0.035000 0.064677
0 0.687500 0.038557 0.030000 0.067164
0 0.841250 0.641791 0.247500 0.457711
