0 0.067862 0.457108 0.043199 0.073529
0 0.127451 0.579044 0.044118 0.066585
0 0.101562 0.579248 0.028493 0.058824
0 0.076900 0.572100 0.034314 0.062500
0 0.115043 0.638889 0.056679 0.078431
0 0.151961 0.691176 0.068015 0.087418
0 0.201287 0.768995 0.099265 0.137663
0 0.178462 0.916258 0.144914 0.167484
0 0.492647 0.894608 0.115809 0.177288
0 0.372855 0.711193 0.085172 0.125817
0 0.296875 0.675858 0.068015 0.096814
0 0.246936 0.641748 0.048407 0.076797
0 0.227941 0.597222 0.037377 0.058824
0 0.204350 0.567810 0.037990 0.063725
0 0.214001 0.528799 0.032169 0.043709
0 0.256281 0.534926 0.025429 0.037990
0 0.265625 0.555351 0.026348 0.042892
0 0.291360 0.564747 0.037377 0.061683
0 0.349724 0.562296 0.041973 0.074755
0 0.422028 0.562704 0.038909 0.057598
0 0.474724 0.584150 0.039522 0.068627
0 0.460631 0.514502 0.029105 0.046977
0 0.507812 0.542688 0.038297 0.057598
0 0.520374 0.601103 0.051777 0.066585
0 0.554075 0.565155 0.035233 0.052696
0 0.562960 0.522876 0.026042 0.049837
0 0.630974 0.541258 0.041360 0.054739
0 0.635110 0.588235 0.041667 0.058824
0 0.622855 0.618873 0.054534 0.076797
0 0.772212 0.688725 0.081189 0.102941
0 0.742953 0.606005 0.054534 0.084559
0 0.740349 0.544730 0.035846 0.051879
0 0.735294 0.516340 0.026961 0.046569
0 0.689338 0.533701 0.030637 0.043709
0 0.675398 0.513889 0.022365 0.035948
0 0.659314 0.548815 0.024510 0.033905
0 0.774969 0.532271 0.025429 0.049020
0 0.762561 0.506944 0.020221 0.037582
0 0.796109 0.566381 0.032169 0.056781
0 0.807751 0.548203 0.029718 0.046569
0 0.834712 0.514502 0.028493 0.052696
0 0.856311 0.528799 0.031250 0.051879
0 0.888021 0.566789 0.033395 0.061683
0 0.899663 0.527369 0.032782 0.044935
0 0.945925 0.543709 0.032782 0.058007
0 0.923866 0.589461 0.042586 0.067810
0 0.913143 0.647876 0.065870 0.098856
0 0.970282 0.770425 0.058824 0.146242
