0 0.611170 0.157348 0.088298 0.148562
0 0.505319 0.255591 0.023404 0.044728
0 0.526596 0.246805 0.017021 0.049521
0 0.540957 0.233227 0.018085 0.035144
0 0.463830 0.299521 0.031915 0.055911
0 0.437234 0.241214 0.019149 0.035144
0 0.453723 0.250000 0.015957 0.036741
0 0.479787 0.236422 0.014894 0.025559
0 0.410106 0.188498 0.015957 0.035144
0 0.394149 0.174121 0.013830 0.035144
0 0.410106 0.263578 0.018085 0.051118
0 0.387234 0.263578 0.027660 0.041534
0 0.354787 0.263578 0.026596 0.060703
0 0.385638 0.226038 0.020213 0.027157
0 0.363830 0.209265 0.017021 0.035144
0 0.334574 0.242013 0.022340 0.043131
0 0.320745 0.259585 0.024468 0.049521
0 0.295745 0.261981 0.029787 0.060703
0 0.211702 0.267572 0.065957 0.100639
0 0.146809 0.307508 0.085106 0.145367
0 0.069681 0.279553 0.075532 0.095847
0 0.034043 0.376198 0.063830 0.209265
0 0.023404 0.227636 0.036170 0.062300
0 0.047340 0.186901 0.030851 0.051118
0 0.081383 0.209265 0.032979 0.047923
0 0.126596 0.202077 0.027660 0.043131
0 0.125532 0.171725 0.025532 0.036741
0 0.156915 0.212460 0.030851 0.047923
0 0.189362 0.206070 0.029787 0.047923
0 0.220213 0.219649 0.027660 0.046326
0 0.225000 0.200479 0.022340 0.039936
0 0.254255 0.228435 0.019149 0.041534
0 0.245745 0.194888 0.019149 0.035144
0 0.277128 0.208466 0.020213 0.039936
0 0.307447 0.228435 0.021277 0.031949
0 0.317021 0.210064 0.014894 0.027157
