0 0.075000 0.448622 0.046667 0.075188
0 0.085000 0.423559 0.043333 0.070175
0 0.161667 0.442356 0.040000 0.062657
0 0.123333 0.505013 0.050000 0.092732
0 0.163333 0.389724 0.040000 0.052632
0 0.255833 0.417293 0.031667 0.052632
0 0.356667 0.422306 0.033333 0.052632
0 0.479167 0.434837 0.031667 0.047619
0 0.510833 0.409774 0.028333 0.047619
0 0.480000 0.369674 0.030000 0.057644
0 0.564167 0.418546 0.025000 0.045113
0 0.580833 0.402256 0.031667 0.052632
0 0.667500 0.387218 0.035000 0.062657
0 0.726667 0.431078 0.030000 0.060150
0 0.777500 0.424812 0.038333 0.072682
0 0.826667 0.439850 0.050000 0.077694
0 0.879167 0.446115 0.051667 0.080201
0 0.945833 0.431078 0.071667 0.100251
