0 0.036364 0.609091 0.042424 0.072727
0 0.110606 0.715909 0.081818 0.131818
0 0.171212 0.888636 0.093939 0.122727
0 0.204545 0.661364 0.057576 0.095455
0 0.248485 0.754545 0.072727 0.118182
0 0.307576 0.818182 0.100000 0.163636
0 0.296970 0.679545 0.066667 0.104545
0 0.390909 0.618182 0.048485 0.072727
0 0.415152 0.727273 0.078788 0.145455
0 0.440909 0.652273 0.063636 0.104545
0 0.477273 0.629545 0.039394 0.068182
0 0.559091 0.627273 0.039394 0.090909
0 0.507576 0.429545 0.039394 0.077273
0 0.592424 0.654545 0.051515 0.090909
0 0.595455 0.743182 0.075758 0.122727
0 0.669697 0.622727 0.054545 0.090909
0 0.728788 0.661364 0.063636 0.131818
0 0.801515 0.613636 0.051515 0.090909
0 0.842424 0.672727 0.054545 0.090909
0 0.924242 0.638636 0.048485 0.077273
