0 0.127201 0.528169 0.125880 0.190141
0 0.226232 0.632042 0.177817 0.221831
0 0.375880 0.717723 0.232394 0.329812
0 0.047975 0.469484 0.094190 0.171362
0 0.097271 0.419014 0.090669 0.117371
0 0.067342 0.362089 0.062500 0.080986
0 0.228873 0.367371 0.068662 0.089202
0 0.305458 0.388498 0.061620 0.100939
0 0.386004 0.433685 0.076585 0.106808
0 0.527289 0.422535 0.072183 0.124413
0 0.665053 0.442488 0.088908 0.129108
0 0.756162 0.480047 0.112676 0.152582
0 0.783011 0.862089 0.273768 0.264085
0 0.972711 0.542840 0.054577 0.160798
