0 0.042010 0.464045 0.037891 0.060674
0 0.084020 0.621348 0.069193 0.092135
0 0.179572 0.621348 0.065898 0.096629
0 0.135091 0.504494 0.039539 0.065169
0 0.112850 0.469663 0.037891 0.049438
0 0.195222 0.451685 0.024712 0.049438
0 0.233937 0.473034 0.036244 0.051685
0 0.266063 0.500000 0.037891 0.047191
0 0.266063 0.556180 0.041186 0.060674
0 0.307249 0.583146 0.034596 0.069663
0 0.265239 0.656180 0.049423 0.076404
0 0.349259 0.613483 0.056013 0.098876
0 0.412685 0.573034 0.041186 0.062921
0 0.309720 0.467416 0.029654 0.049438
0 0.368204 0.452809 0.028007 0.047191
0 0.401977 0.460674 0.026359 0.044944
0 0.428336 0.501124 0.029654 0.053933
0 0.496705 0.486517 0.028007 0.056180
0 0.543657 0.464045 0.026359 0.051685
0 0.560956 0.506742 0.034596 0.051685
0 0.565898 0.557303 0.037891 0.053933
0 0.599671 0.575281 0.029654 0.067416
0 0.628501 0.550562 0.034596 0.058427
0 0.596376 0.504494 0.032949 0.051685
0 0.598847 0.465169 0.024712 0.035955
0 0.672158 0.442697 0.032949 0.049438
0 0.688633 0.523596 0.036244 0.053933
0 0.664745 0.612360 0.047776 0.087640
0 0.730643 0.585393 0.044481 0.069663
0 0.717463 0.451685 0.031301 0.049438
0 0.778418 0.488764 0.037891 0.060674
0 0.822076 0.469663 0.026359 0.044944
0 0.827842 0.534831 0.041186 0.058427
0 0.797364 0.633708 0.062603 0.103371
0 0.952224 0.623596 0.059308 0.101124
0 0.887974 0.540449 0.029654 0.056180
0 0.939868 0.528090 0.037891 0.049438
0 0.907743 0.465169 0.023064 0.035955
0 0.866557 0.470787 0.023064 0.047191
