0 0.293395 0.254258 0.027650 0.055961
0 0.169739 0.408759 0.059908 0.102190
0 0.213518 0.384428 0.043011 0.077859
0 0.347926 0.441606 0.072197 0.109489
0 0.496928 0.560827 0.145929 0.284672
0 0.605223 0.478102 0.113671 0.182482
0 0.536866 0.383212 0.038402 0.060827
0 0.652074 0.383212 0.029186 0.055961
0 0.655146 0.343066 0.032258 0.048662
0 0.682028 0.378345 0.039939 0.065693
0 0.718126 0.374696 0.041475 0.063260
0 0.798003 0.379562 0.050691 0.092457
0 0.847158 0.478102 0.139785 0.236010
0 0.967742 0.395377 0.058372 0.099757
