0 0.028470 0.435479 0.054750 0.144749
0 0.182727 0.501848 0.118533 0.125346
0 0.201478 0.405297 0.086504 0.117031
0 0.339721 0.583924 0.179031 0.252541
0 0.373392 0.417000 0.093074 0.120111
0 0.477005 0.453496 0.086778 0.100708
0 0.569258 0.247767 0.082946 0.099476
0 0.680947 0.479674 0.094990 0.105636
0 0.673693 0.386819 0.067342 0.094241
0 0.763208 0.397598 0.054750 0.089313
0 0.834793 0.570527 0.136053 0.168463
0 0.857104 0.433015 0.069532 0.075762
0 0.843416 0.382199 0.067342 0.072682
0 0.970572 0.542347 0.058856 0.142901
0 0.952915 0.770711 0.091432 0.156144
