0 0.077904 0.457541 0.057602 0.081115
0 0.156280 0.435995 0.050047 0.065906
0 0.196412 0.519011 0.086874 0.100127
0 0.227101 0.415716 0.044381 0.060837
0 0.282342 0.408745 0.041549 0.062104
0 0.301700 0.517744 0.076487 0.107731
0 0.370633 0.426489 0.053824 0.074778
0 0.393768 0.415082 0.045326 0.062104
0 0.455146 0.403676 0.035883 0.046895
0 0.463645 0.307985 0.024551 0.032953
0 0.503305 0.422053 0.045326 0.055767
0 0.494334 0.461977 0.057602 0.077313
0 0.517469 0.385932 0.030217 0.044360
0 0.537771 0.376426 0.029273 0.043093
0 0.433428 0.673004 0.145420 0.240811
0 0.586874 0.551965 0.087819 0.130545
0 0.591124 0.457541 0.052880 0.065906
0 0.610009 0.380228 0.037771 0.043093
0 0.693579 0.389100 0.038716 0.065906
0 0.696412 0.445501 0.053824 0.074778
0 0.755902 0.476553 0.063267 0.088720
0 0.909821 0.790875 0.165250 0.258555
0 0.873938 0.399240 0.036827 0.050697
0 0.893296 0.372624 0.037771 0.043093
0 0.915486 0.411914 0.044381 0.053232
0 0.947120 0.393536 0.035883 0.051965
0 0.978754 0.411914 0.042493 0.065906
