0 0.069000 0.644144 0.098000 0.153153
0 0.064000 0.480480 0.056000 0.084084
0 0.020000 0.451952 0.036000 0.081081
0 0.123000 0.433934 0.046000 0.063063
0 0.190000 0.454955 0.044000 0.069069
0 0.180000 0.542042 0.072000 0.111111
0 0.332000 0.501502 0.052000 0.084084
0 0.231000 0.414414 0.034000 0.054054
0 0.290000 0.420420 0.036000 0.054054
0 0.299000 0.381381 0.034000 0.048048
0 0.363000 0.408408 0.034000 0.054054
0 0.404000 0.376877 0.028000 0.045045
0 0.426000 0.396396 0.028000 0.048048
0 0.463000 0.375375 0.022000 0.036036
0 0.556000 0.289790 0.032000 0.063063
0 0.570000 0.424925 0.040000 0.063063
0 0.479000 0.427928 0.046000 0.057057
0 0.406000 0.469970 0.048000 0.069069
0 0.321000 0.599099 0.082000 0.111111
0 0.287000 0.794294 0.130000 0.183183
0 0.509000 0.623123 0.078000 0.141141
0 0.492000 0.503003 0.056000 0.093093
0 0.534000 0.475976 0.040000 0.087087
0 0.537000 0.409910 0.030000 0.057057
0 0.653000 0.495495 0.046000 0.072072
0 0.592000 0.557057 0.060000 0.105105
0 0.755000 0.668168 0.106000 0.135135
0 0.640000 0.917417 0.156000 0.159159
0 0.755000 0.564565 0.062000 0.108108
0 0.803000 0.536036 0.046000 0.087087
0 0.821000 0.463964 0.046000 0.075075
0 0.815000 0.430931 0.038000 0.045045
0 0.828000 0.408408 0.032000 0.042042
0 0.683000 0.442943 0.034000 0.051051
0 0.660000 0.403904 0.028000 0.051051
0 0.716000 0.421922 0.032000 0.051051
0 0.740000 0.412913 0.028000 0.045045
0 0.738000 0.252252 0.032000 0.048048
