0 0.080000 0.382779 0.104444 0.180733
0 0.031667 0.285592 0.062222 0.170503
0 0.212222 0.340580 0.110000 0.200341
0 0.232222 0.216113 0.098889 0.142370
0 0.280000 0.130009 0.083333 0.149190
0 0.404722 0.070332 0.102778 0.137255
0 0.389167 0.266411 0.115000 0.181586
0 0.576944 0.240835 0.110556 0.179881
0 0.712778 0.527280 0.153333 0.258312
0 0.733333 0.199915 0.110000 0.183291
0 0.687222 0.060102 0.096667 0.116795
0 0.825833 0.052003 0.088333 0.102302
0 0.848333 0.157715 0.094444 0.179028
0 0.902500 0.037084 0.073889 0.072464
0 0.964167 0.062660 0.063889 0.109974
0 0.605833 0.033674 0.057222 0.063939
