0 0.465909 0.284983 0.077273 0.139932
0 0.045455 0.525597 0.081818 0.150171
0 0.034091 0.390785 0.050000 0.092150
0 0.065909 0.238908 0.036364 0.068259
0 0.087500 0.274744 0.047727 0.078498
0 0.132955 0.339590 0.061364 0.105802
0 0.164773 0.500000 0.079545 0.139932
0 0.248864 0.479522 0.070455 0.112628
0 0.207955 0.383959 0.047727 0.085324
0 0.213636 0.332765 0.040909 0.071672
0 0.203409 0.218430 0.038636 0.075085
0 0.250000 0.339590 0.040909 0.058020
0 0.256818 0.443686 0.068182 0.109215
0 0.323864 0.414676 0.052273 0.085324
0 0.357955 0.431741 0.070455 0.098976
0 0.286364 0.303754 0.027273 0.047782
0 0.329545 0.296928 0.031818 0.054608
0 0.361364 0.305461 0.027273 0.051195
0 0.393182 0.325939 0.031818 0.058020
0 0.405682 0.303754 0.029545 0.068259
0 0.426136 0.414676 0.043182 0.078498
0 0.569318 0.378840 0.020455 0.040956
0 0.588636 0.424915 0.031818 0.051195
0 0.571591 0.348123 0.025000 0.047782
