0 0.108717 0.397707 0.023506 0.040564
0 0.095495 0.520282 0.095005 0.144621
0 0.026934 0.457672 0.051910 0.107584
0 0.230656 0.733686 0.136141 0.253968
0 0.323702 0.528219 0.059745 0.139330
0 0.258570 0.506173 0.052889 0.109347
0 0.142507 0.467372 0.032321 0.074074
0 0.159647 0.430335 0.031342 0.049383
0 0.208129 0.408289 0.022527 0.051146
0 0.307542 0.444444 0.027424 0.052910
0 0.406954 0.483245 0.057786 0.123457
0 0.484329 0.591711 0.089128 0.185185
0 0.578844 0.576720 0.076396 0.137566
0 0.578355 0.487654 0.051910 0.089947
0 0.547992 0.460317 0.038198 0.081129
0 0.487757 0.440035 0.031342 0.054674
0 0.451518 0.442681 0.039177 0.081129
0 0.499510 0.405644 0.031342 0.056437
0 0.259549 0.440035 0.033301 0.044092
0 0.182664 0.429453 0.022527 0.040564
0 0.248776 0.414462 0.027424 0.038801
0 0.270323 0.404762 0.019589 0.040564
0 0.284035 0.428571 0.019589 0.038801
0 0.316357 0.413580 0.019589 0.037037
0 0.339373 0.411817 0.022527 0.044092
0 0.355044 0.417989 0.014691 0.038801
0 0.372674 0.430335 0.020568 0.049383
0 0.385406 0.410935 0.026445 0.052910
0 0.531832 0.423280 0.023506 0.049383
0 0.564153 0.410935 0.029383 0.059965
0 0.580803 0.436508 0.031342 0.054674
0 0.601371 0.413580 0.023506 0.047619
0 0.624388 0.414462 0.022527 0.052910
0 0.639079 0.436508 0.030362 0.065256
0 0.667483 0.440917 0.026445 0.056437
0 0.726738 0.518519 0.068560 0.137566
0 0.708129 0.448854 0.045054 0.086420
0 0.734574 0.424162 0.029383 0.068783
0 0.768854 0.429453 0.039177 0.089947
0 0.801665 0.477072 0.067581 0.118166
0 0.830558 0.447090 0.047013 0.100529
0 0.819785 0.722222 0.144956 0.305115
0 0.906464 0.634921 0.104799 0.222222
0 0.952987 0.567901 0.088149 0.169312
0 0.909403 0.491182 0.047992 0.104056
0 0.894711 0.439153 0.046033 0.088183
0 0.940255 0.465608 0.047013 0.102293
0 0.984819 0.437390 0.030362 0.081129
