0 0.268611 0.511481 0.087222 0.142963
0 0.159444 0.486296 0.080000 0.095556
0 0.043611 0.394444 0.057222 0.091111
0 0.090833 0.301111 0.040556 0.058519
0 0.157778 0.312222 0.034444 0.061481
0 0.218056 0.338519 0.042778 0.069630
0 0.291389 0.297407 0.031667 0.054074
0 0.322222 0.371111 0.036667 0.072593
0 0.358611 0.339630 0.031667 0.054074
0 0.348056 0.288519 0.026111 0.049630
0 0.426111 0.302963 0.027778 0.047407
0 0.434167 0.410370 0.071667 0.108148
0 0.453333 0.339259 0.034444 0.054815
0 0.451111 0.287778 0.022222 0.031852
0 0.524167 0.325185 0.029444 0.048889
0 0.525833 0.299259 0.025000 0.031111
0 0.586944 0.345185 0.052778 0.072593
0 0.618333 0.451852 0.078889 0.114074
0 0.631389 0.321852 0.045000 0.060000
0 0.613056 0.289259 0.033889 0.046667
0 0.759167 0.345556 0.047222 0.077778
0 0.789167 0.418519 0.059444 0.091852
0 0.858611 0.319630 0.040556 0.070370
0 0.933889 0.379630 0.056667 0.088148
