0 0.881319 0.475000 0.035165 0.057692
0 0.950549 0.450000 0.032967 0.069231
0 0.870330 0.396154 0.021978 0.046154
0 0.784615 0.450000 0.030769 0.061538
0 0.698901 0.428846 0.035165 0.057692
0 0.642857 0.382692 0.024176 0.057692
0 0.595604 0.369231 0.026374 0.053846
0 0.484615 0.371154 0.028571 0.057692
0 0.430769 0.275000 0.030769 0.073077
0 0.606593 0.444231 0.065934 0.111538
0 0.503297 0.551923 0.039560 0.080769
0 0.278022 0.455769 0.041758 0.073077
0 0.235165 0.401923 0.035165 0.088462
0 0.161538 0.530769 0.050549 0.107692
0 0.198901 0.788462 0.090110 0.169231
0 0.104396 0.628846 0.081319 0.157692
0 0.027473 0.492308 0.050549 0.138462
