0 0.041000 0.533422 0.042000 0.066845
0 0.020000 0.502674 0.032000 0.048128
0 0.020000 0.475936 0.028000 0.037433
0 0.083000 0.487968 0.026000 0.045455
0 0.129000 0.482620 0.022000 0.040107
0 0.135000 0.538770 0.038000 0.056150
0 0.174000 0.538770 0.044000 0.072193
0 0.174000 0.494652 0.028000 0.042781
0 0.222000 0.490642 0.024000 0.045455
0 0.248000 0.495989 0.024000 0.034759
0 0.248000 0.533422 0.048000 0.061497
0 0.312000 0.493316 0.036000 0.045455
0 0.369000 0.494652 0.034000 0.048128
0 0.404000 0.481283 0.028000 0.042781
0 0.403000 0.564171 0.062000 0.096257
0 0.493000 0.481283 0.026000 0.042781
0 0.517000 0.509358 0.030000 0.050802
0 0.526000 0.482620 0.016000 0.040107
0 0.555000 0.504011 0.030000 0.045455
0 0.595000 0.478610 0.022000 0.048128
0 0.836000 0.386364 0.072000 0.093583
