0 0.027647 0.840000 0.024706 0.051765
0 0.050588 0.758824 0.021176 0.054118
0 0.103529 0.903529 0.030588 0.056471
0 0.121176 0.816471 0.025882 0.061176
0 0.160000 0.734118 0.025882 0.042353
0 0.204706 0.727059 0.021176 0.047059
0 0.204706 0.802353 0.021176 0.047059
0 0.325294 0.812941 0.024706 0.058824
0 0.344706 0.745882 0.023529 0.042353
0 0.468824 0.877647 0.020000 0.042353
0 0.552353 0.951765 0.024706 0.058824
0 0.572941 0.325882 0.018824 0.058824
0 0.650000 0.295294 0.020000 0.049412
0 0.632353 0.572941 0.022353 0.063529
0 0.692353 0.704706 0.029412 0.068235
0 0.746471 0.618824 0.024706 0.061176
0 0.817059 0.694118 0.027059 0.051765
0 0.880000 0.945882 0.040000 0.098824
0 0.962353 0.891765 0.032941 0.065882
0 0.770000 0.362353 0.020000 0.061176
0 0.751765 0.337647 0.018824 0.044706
