0 0.066823 0.475000 0.037515 0.059375
0 0.202814 0.492188 0.051583 0.062500
0 0.256741 0.450000 0.035170 0.043750
0 0.363423 0.475781 0.039859 0.057813
0 0.363423 0.437500 0.030481 0.040625
0 0.450176 0.431250 0.028136 0.050000
0 0.447245 0.478125 0.041032 0.065625
0 0.484760 0.497656 0.059789 0.098437
0 0.534584 0.423438 0.025791 0.043750
0 0.586753 0.426563 0.031653 0.043750
0 0.588511 0.467969 0.037515 0.051562
0 0.647714 0.510938 0.057444 0.081250
0 0.679953 0.452344 0.032825 0.045312
0 0.662954 0.426563 0.024619 0.037500
0 0.643611 0.414062 0.021102 0.040625
0 0.703400 0.400000 0.023447 0.034375
0 0.740914 0.422656 0.028136 0.039062
0 0.779601 0.462500 0.044549 0.071875
0 0.807151 0.407813 0.019930 0.034375
0 0.836460 0.425781 0.031653 0.045312
0 0.894490 0.449219 0.042204 0.064062
0 0.903869 0.411719 0.025791 0.042188
0 0.840563 0.611719 0.112544 0.207813
