0 0.061538 0.426267 0.080000 0.124424
0 0.152308 0.414747 0.101538 0.147465
0 0.269231 0.426267 0.070769 0.105991
0 0.321538 0.428571 0.040000 0.082949
0 0.360000 0.451613 0.036923 0.055300
0 0.407692 0.394009 0.070769 0.105991
0 0.440000 0.440092 0.030769 0.069124
0 0.461538 0.453917 0.043077 0.069124
0 0.549231 0.444700 0.058462 0.096774
0 0.623077 0.423963 0.046154 0.082949
0 0.643077 0.380184 0.036923 0.050691
0 0.700000 0.458525 0.046154 0.087558
0 0.821538 0.345622 0.104615 0.175115
0 0.924615 0.375576 0.070769 0.124424
