0 0.120404 0.598039 0.091912 0.130719
0 0.147825 0.509804 0.056066 0.071895
0 0.109069 0.516340 0.036765 0.049020
0 0.100490 0.483047 0.034314 0.037990
0 0.210325 0.511846 0.046262 0.067810
0 0.233915 0.494894 0.039522 0.053513
0 0.282475 0.526757 0.037990 0.061683
0 0.319393 0.541258 0.062806 0.086601
0 0.374081 0.562296 0.085172 0.124592
0 0.476103 0.525735 0.041054 0.059641
0 0.446538 0.496324 0.032782 0.044935
0 0.474877 0.380310 0.031250 0.045752
0 0.502911 0.490400 0.029105 0.051062
0 0.531710 0.511438 0.035846 0.054739
0 0.558517 0.494894 0.034314 0.060049
0 0.549173 0.648284 0.127757 0.203431
0 0.660999 0.550245 0.070159 0.098856
0 0.626685 0.519812 0.035846 0.071487
0 0.640472 0.494894 0.032169 0.051879
0 0.672181 0.487541 0.028186 0.034722
0 0.720282 0.521855 0.047181 0.073938
0 0.724418 0.497345 0.029718 0.052696
0 0.780178 0.507966 0.035233 0.047794
0 0.817862 0.504902 0.029718 0.049837
0 0.841759 0.498366 0.026654 0.046569
0 0.879136 0.502859 0.034620 0.059641
0 0.911305 0.538603 0.041973 0.065768
0 0.828431 0.560662 0.064338 0.078023
0 0.964308 0.583129 0.064032 0.134395
0 0.929228 0.503881 0.031250 0.051879
0 0.967678 0.500000 0.033395 0.053922
