0 0.159474 0.351124 0.131579 0.213483
0 0.181579 0.747191 0.196842 0.297753
0 0.272105 0.648876 0.076842 0.126404
0 0.322632 0.635534 0.053684 0.099719
0 0.423684 0.629916 0.087368 0.139045
0 0.468421 0.686096 0.035789 0.063202
0 0.457368 0.646067 0.036842 0.081461
0 0.520526 0.870084 0.194737 0.259831
0 0.602632 0.660815 0.066316 0.108146
0 0.651579 0.695225 0.098947 0.171348
0 0.758947 0.700140 0.069474 0.116573
0 0.841579 0.695927 0.062105 0.085674
0 0.718421 0.683989 0.055789 0.084270
0 0.941579 0.358848 0.112632 0.209270
