0 0.046094 0.875000 0.082812 0.166667
0 0.140625 0.900000 0.106250 0.200000
0 0.235937 0.934722 0.081250 0.130556
0 0.262500 0.862500 0.081250 0.152778
0 0.167969 0.756944 0.064062 0.125000
0 0.104688 0.725000 0.053125 0.111111
0 0.227344 0.722222 0.048438 0.105556
0 0.347656 0.744444 0.060937 0.116667
0 0.423438 0.936111 0.081250 0.127778
0 0.496875 0.888889 0.081250 0.155556
0 0.452344 0.790278 0.076563 0.175000
0 0.501563 0.747222 0.053125 0.111111
0 0.505469 0.529167 0.051562 0.080556
0 0.610156 0.812500 0.073438 0.136111
0 0.622656 0.711111 0.054688 0.105556
0 0.683594 0.804167 0.076563 0.141667
0 0.679688 0.925000 0.087500 0.150000
0 0.720313 0.712500 0.050000 0.108333
0 0.756250 0.748611 0.050000 0.108333
0 0.809375 0.798611 0.071875 0.136111
0 0.835938 0.819444 0.078125 0.138889
