0 0.041058 0.454545 0.049270 0.071625
0 0.083942 0.480716 0.051095 0.068871
0 0.116788 0.435262 0.040146 0.060606
0 0.152372 0.483471 0.052920 0.074380
0 0.194343 0.626722 0.173358 0.212121
0 0.253650 0.446281 0.047445 0.066116
0 0.252737 0.556474 0.078467 0.137741
0 0.333029 0.455923 0.056569 0.085399
0 0.374088 0.460055 0.047445 0.082645
0 0.367701 0.555096 0.096715 0.118457
0 0.506387 0.362259 0.038321 0.057851
0 0.528285 0.476584 0.049270 0.066116
0 0.604927 0.484848 0.045620 0.077135
0 0.703467 0.622590 0.100365 0.187328
0 0.726277 0.494490 0.040146 0.068871
0 0.770985 0.488981 0.034672 0.068871
0 0.834854 0.480716 0.060219 0.079890
0 0.910584 0.556474 0.065693 0.132231
0 0.982664 0.557851 0.034672 0.140496
0 0.961679 0.468320 0.047445 0.077135
0 0.905109 0.471074 0.047445 0.066116
