0 0.450542 0.292404 0.222222 0.355879
0 0.726965 0.710198 0.093496 0.173777
0 0.741192 0.612383 0.074526 0.132154
0 0.658875 0.559834 0.050813 0.091571
0 0.665650 0.508325 0.060298 0.090531
0 0.647019 0.452653 0.047425 0.074922
0 0.591463 0.457336 0.033875 0.061394
0 0.575203 0.424037 0.028455 0.053070
0 0.544038 0.433403 0.036585 0.063476
0 0.619919 0.414152 0.031165 0.052029
0 0.689024 0.457336 0.035230 0.059313
0 0.724593 0.485432 0.048103 0.090531
0 0.696477 0.419355 0.029810 0.047867
0 0.715786 0.404787 0.025068 0.052029
0 0.768631 0.508845 0.041328 0.089490
0 0.852981 0.540583 0.066396 0.125911
0 0.965447 0.585848 0.069106 0.131113
0 0.962398 0.702914 0.075203 0.186264
0 0.918360 0.563476 0.072493 0.130073
0 0.928862 0.493757 0.051491 0.075963
0 0.978997 0.513007 0.040650 0.074922
0 0.951558 0.444849 0.031843 0.055151
0 0.882114 0.476067 0.046070 0.080125
0 0.885163 0.420916 0.025068 0.042664
0 0.830962 0.446410 0.029133 0.068678
0 0.844851 0.407908 0.024390 0.043704
0 0.816734 0.395942 0.023713 0.053070
0 0.808604 0.442768 0.027778 0.042664
0 0.778794 0.432882 0.022358 0.041623
0 0.786924 0.411030 0.021003 0.031217
0 0.763211 0.414152 0.021003 0.033299
0 0.756098 0.384495 0.020325 0.030177
0 0.173442 0.780957 0.111111 0.188345
0 0.036585 0.803330 0.065041 0.224766
0 0.125339 0.563996 0.074526 0.141519
0 0.189363 0.650884 0.106369 0.150884
0 0.239499 0.504162 0.081978 0.117586
0 0.075542 0.490635 0.061653 0.096774
0 0.024729 0.529136 0.048103 0.127992
0 0.115515 0.415193 0.033198 0.070760
0 0.165312 0.450052 0.042005 0.067638
0 0.206640 0.436524 0.032520 0.063476
0 0.234079 0.418314 0.034553 0.054110
0 0.273374 0.473985 0.045393 0.100937
0 0.316396 0.439646 0.032520 0.061394
0 0.273035 0.405307 0.032520 0.063476
0 0.290312 0.388137 0.029133 0.049948
0 0.340447 0.379292 0.026423 0.042664
0 0.249322 0.386576 0.032520 0.048907
0 0.213076 0.381894 0.038618 0.054110
0 0.180556 0.395421 0.029133 0.043704
0 0.166328 0.352237 0.027778 0.034339
0 0.148035 0.379813 0.023713 0.037461
0 0.114160 0.366805 0.023713 0.038502
0 0.103320 0.346514 0.029133 0.037461
0 0.085366 0.385016 0.029810 0.041623
0 0.065379 0.370968 0.023713 0.050989
0 0.024051 0.380333 0.031843 0.053070
0 0.022696 0.338710 0.026423 0.042664
0 0.072832 0.437565 0.035908 0.050989
