0 0.192969 0.778027 0.142187 0.215247
0 0.103125 0.526906 0.034375 0.044843
0 0.149219 0.525785 0.029687 0.038117
0 0.260937 0.479821 0.040625 0.062780
0 0.342187 0.545964 0.050000 0.060538
0 0.407031 0.551570 0.045312 0.053812
0 0.432812 0.517937 0.021875 0.031390
0 0.370312 0.512332 0.018750 0.024664
0 0.496094 0.591928 0.054688 0.071749
0 0.515625 0.522422 0.025000 0.031390
0 0.499219 0.515695 0.017188 0.031390
0 0.567187 0.520179 0.025000 0.031390
0 0.633594 0.736547 0.114062 0.150224
0 0.922656 0.878924 0.145313 0.210762
0 0.682031 0.594170 0.054688 0.080717
0 0.646875 0.566143 0.031250 0.065022
0 0.707812 0.515695 0.040625 0.062780
0 0.017969 0.553812 0.026562 0.044843
0 0.035156 0.540359 0.023438 0.040359
