0 0.075500 0.501499 0.045000 0.076462
0 0.161000 0.492504 0.040000 0.076462
0 0.228000 0.508996 0.038000 0.061469
0 0.261000 0.532234 0.040000 0.062969
0 0.237000 0.620690 0.040000 0.062969
0 0.338000 0.633433 0.040000 0.070465
0 0.303000 0.506747 0.038000 0.062969
0 0.335000 0.514993 0.038000 0.064468
0 0.411000 0.498501 0.030000 0.058471
0 0.440500 0.516492 0.029000 0.055472
0 0.486500 0.523238 0.037000 0.062969
0 0.452000 0.615442 0.040000 0.058471
0 0.443500 0.696402 0.033000 0.067466
0 0.566000 0.620690 0.044000 0.068966
0 0.524500 0.520990 0.027000 0.058471
0 0.563500 0.507496 0.027000 0.052474
0 0.600500 0.523238 0.031000 0.047976
0 0.632000 0.498501 0.036000 0.061469
0 0.674000 0.514243 0.030000 0.059970
0 0.703500 0.527736 0.031000 0.065967
0 0.673500 0.634183 0.043000 0.071964
0 0.750000 0.523238 0.032000 0.062969
0 0.788000 0.511994 0.034000 0.064468
0 0.868000 0.549475 0.034000 0.061469
0 0.926500 0.526987 0.039000 0.076462
