0 0.058984 0.535129 0.022656 0.049180
0 0.103516 0.531616 0.024219 0.046838
0 0.145703 0.529859 0.030469 0.045667
0 0.192188 0.534543 0.023438 0.040984
0 0.243359 0.538056 0.030469 0.048009
0 0.292187 0.542155 0.021875 0.042155
0 0.333984 0.542155 0.025781 0.037471
0 0.391406 0.531616 0.026562 0.039813
0 0.444922 0.532201 0.025781 0.043326
0 0.501563 0.519906 0.028125 0.046838
0 0.571875 0.525176 0.028125 0.052693
0 0.641406 0.519321 0.031250 0.055035
0 0.711328 0.532201 0.033594 0.064403
0 0.777734 0.524005 0.032031 0.048009
0 0.843750 0.539227 0.034375 0.052693
0 0.968359 0.525176 0.038281 0.062061
0 0.149609 0.865340 0.083594 0.138173
