0 0.036029 0.520238 0.066176 0.211905
0 0.022059 0.373810 0.041176 0.109524
0 0.147059 0.348810 0.052941 0.102381
0 0.188235 0.382143 0.067647 0.126190
0 0.283088 0.335714 0.060294 0.119048
0 0.345588 0.383333 0.070588 0.119048
0 0.422794 0.320238 0.060294 0.102381
0 0.502206 0.375000 0.069118 0.126190
0 0.545588 0.321429 0.058824 0.104762
0 0.335294 0.638095 0.176471 0.266667
0 0.661029 0.359524 0.057353 0.142857
0 0.724265 0.461905 0.098529 0.204762
0 0.810294 0.339286 0.058824 0.121429
0 0.772794 0.291667 0.042647 0.097619
0 0.935294 0.371429 0.073529 0.133333
0 0.969118 0.419048 0.061765 0.166667
0 0.805882 0.866667 0.232353 0.261905
