0 0.078125 0.665103 0.123750 0.204503
0 0.043125 0.536585 0.066250 0.112570
0 0.045000 0.467167 0.050000 0.071295
0 0.113125 0.460600 0.053750 0.080675
0 0.170000 0.473734 0.055000 0.084428
0 0.251250 0.477486 0.057500 0.091932
0 0.268750 0.677298 0.140000 0.255159
0 0.351875 0.613508 0.088750 0.157598
0 0.315625 0.418386 0.041250 0.052533
0 0.363125 0.406191 0.031250 0.054409
0 0.429375 0.418386 0.028750 0.056285
0 0.466875 0.392120 0.026250 0.037523
0 0.512500 0.409944 0.082500 0.136961
0 0.564375 0.409006 0.036250 0.067542
0 0.594375 0.379925 0.023750 0.043152
0 0.700625 0.295497 0.028750 0.050657
0 0.525625 0.819887 0.133750 0.266417
0 0.724375 0.632270 0.096250 0.172608
0 0.650000 0.499062 0.057500 0.116323
0 0.706875 0.431520 0.046250 0.078799
0 0.800625 0.374296 0.028750 0.054409
0 0.826250 0.373358 0.027500 0.052533
0 0.830000 0.480300 0.080000 0.135084
0 0.923125 0.878987 0.153750 0.238274
0 0.958750 0.674484 0.082500 0.140713
0 0.981875 0.482176 0.036250 0.138837
