0 0.071987 0.508114 0.068858 0.107505
0 0.078247 0.377282 0.037559 0.052738
0 0.122066 0.385396 0.037559 0.056795
0 0.161189 0.394523 0.031299 0.042596
0 0.166667 0.352941 0.026604 0.040568
0 0.201095 0.371197 0.026604 0.036511
0 0.223005 0.415822 0.042254 0.056795
0 0.200313 0.483773 0.056338 0.070994
0 0.191706 0.653144 0.098592 0.150101
0 0.278560 0.537525 0.065728 0.117647
0 0.322379 0.496957 0.046948 0.085193
0 0.299687 0.431034 0.029734 0.046653
0 0.326291 0.407708 0.026604 0.044625
0 0.316119 0.375254 0.021909 0.040568
0 0.280908 0.321501 0.020344 0.034483
0 0.250391 0.324544 0.021909 0.040568
0 0.374804 0.419878 0.023474 0.036511
0 0.378717 0.494929 0.034429 0.064909
0 0.407668 0.460446 0.026604 0.036511
0 0.413928 0.417850 0.023474 0.036511
0 0.453834 0.457404 0.028169 0.046653
0 0.464789 0.416836 0.021909 0.038540
0 0.477308 0.376268 0.018779 0.034483
0 0.503912 0.403651 0.025039 0.044625
0 0.439750 0.544625 0.062598 0.107505
0 0.512520 0.621704 0.086072 0.148073
0 0.485915 0.504057 0.048513 0.087221
0 0.521909 0.488844 0.045383 0.073022
0 0.557903 0.400609 0.026604 0.050710
0 0.587637 0.400609 0.023474 0.038540
0 0.629890 0.468560 0.026604 0.040568
0 0.631455 0.414807 0.020344 0.034483
0 0.650235 0.394523 0.023474 0.042596
0 0.679969 0.416836 0.020344 0.038540
0 0.665884 0.476673 0.026604 0.044625
0 0.688576 0.478702 0.025039 0.048682
0 0.703443 0.443205 0.023474 0.042596
0 0.712833 0.416836 0.020344 0.038540
0 0.699531 0.377282 0.021909 0.032454
0 0.748044 0.423935 0.028169 0.040568
0 0.752739 0.464503 0.025039 0.040568
0 0.724570 0.492901 0.037559 0.068966
0 0.782473 0.511156 0.040689 0.073022
0 0.833333 0.513185 0.048513 0.093306
0 0.890454 0.586207 0.068858 0.113590
0 0.866980 0.494929 0.031299 0.056795
0 0.904538 0.495943 0.031299 0.058824
0 0.955399 0.512170 0.054773 0.095335
0 0.930360 0.403651 0.029734 0.048682
0 0.859155 0.429006 0.031299 0.046653
0 0.802817 0.398580 0.025039 0.038540
