0 0.046000 0.389831 0.028000 0.045198
0 0.077000 0.402542 0.022000 0.036723
0 0.100000 0.405367 0.024000 0.042373
0 0.129000 0.399718 0.026000 0.048023
0 0.144000 0.411017 0.032000 0.053672
0 0.195000 0.436441 0.038000 0.059322
0 0.227000 0.388418 0.022000 0.042373
0 0.256000 0.388418 0.028000 0.042373
0 0.284000 0.394068 0.024000 0.042373
0 0.321000 0.388418 0.030000 0.053672
0 0.358000 0.405367 0.032000 0.059322
0 0.400000 0.396893 0.032000 0.042373
0 0.386000 0.365819 0.016000 0.031073
0 0.432000 0.391243 0.028000 0.042373
0 0.467000 0.388418 0.026000 0.048023
0 0.402000 0.450565 0.048000 0.087571
0 0.447000 0.456215 0.050000 0.093220
0 0.511000 0.391243 0.026000 0.036723
0 0.506000 0.371469 0.016000 0.025424
0 0.568000 0.394068 0.028000 0.048023
0 0.576000 0.362994 0.020000 0.031073
0 0.600000 0.377119 0.024000 0.042373
0 0.630000 0.391243 0.024000 0.036723
0 0.640000 0.368644 0.016000 0.025424
0 0.655000 0.379944 0.022000 0.036723
0 0.679000 0.388418 0.030000 0.042373
0 0.673000 0.361582 0.018000 0.022599
0 0.697000 0.378531 0.018000 0.033898
0 0.710000 0.364407 0.016000 0.028249
0 0.737000 0.382768 0.022000 0.042373
0 0.752000 0.365819 0.016000 0.025424
0 0.782000 0.388418 0.020000 0.042373
0 0.784000 0.365819 0.020000 0.025424
0 0.824000 0.367232 0.024000 0.045198
0 0.883000 0.377119 0.026000 0.036723
0 0.579000 0.485876 0.062000 0.101695
0 0.715000 0.451977 0.050000 0.079096
0 0.817000 0.449153 0.050000 0.079096
0 0.797000 0.412429 0.030000 0.045198
0 0.880000 0.426554 0.040000 0.050847
0 0.905000 0.402542 0.030000 0.048023
0 0.933000 0.485876 0.046000 0.090395
0 0.961000 0.449153 0.042000 0.067797
0 0.989000 0.409605 0.022000 0.062147
