0 0.014063 0.483184 0.025000 0.051570
0 0.114062 0.532511 0.037500 0.065022
0 0.126562 0.470852 0.025000 0.035874
0 0.154688 0.476457 0.025000 0.038117
0 0.150781 0.452915 0.020313 0.022422
0 0.132031 0.442825 0.017188 0.024664
0 0.121094 0.439462 0.017188 0.022422
0 0.116406 0.418161 0.017188 0.020179
0 0.132812 0.421525 0.012500 0.017937
0 0.158594 0.432735 0.017188 0.017937
0 0.169531 0.438341 0.014063 0.020179
0 0.160938 0.421525 0.012500 0.017937
0 0.146875 0.423767 0.009375 0.017937
0 0.189062 0.440583 0.018750 0.033632
0 0.210938 0.502242 0.025000 0.049327
0 0.239063 0.513453 0.037500 0.067265
0 0.217969 0.470852 0.023438 0.035874
0 0.225000 0.464126 0.018750 0.031390
0 0.208594 0.437220 0.014063 0.022422
0 0.235156 0.440583 0.017188 0.024664
0 0.221094 0.420404 0.010937 0.020179
0 0.232031 0.420404 0.014063 0.020179
0 0.261719 0.428251 0.014063 0.017937
0 0.256250 0.449552 0.018750 0.029148
0 0.291406 0.449552 0.017188 0.024664
0 0.281250 0.443946 0.012500 0.022422
0 0.282813 0.414798 0.012500 0.022422
0 0.306250 0.423767 0.012500 0.022422
0 0.296875 0.423767 0.009375 0.017937
0 0.290625 0.418161 0.009375 0.020179
0 0.320312 0.489910 0.031250 0.056054
0 0.334375 0.457399 0.018750 0.026906
0 0.322656 0.437220 0.014063 0.026906
0 0.342187 0.428251 0.012500 0.022422
0 0.332031 0.419283 0.007812 0.017937
0 0.323437 0.420404 0.009375 0.020179
0 0.357031 0.480942 0.023438 0.047085
0 0.362500 0.461883 0.018750 0.035874
0 0.363281 0.437220 0.017188 0.022422
0 0.361719 0.420404 0.010937 0.015695
0 0.370312 0.423767 0.006250 0.013453
0 0.378125 0.424888 0.009375 0.015695
0 0.378906 0.433857 0.010937 0.020179
0 0.390625 0.441704 0.015625 0.026906
0 0.392188 0.494395 0.028125 0.047085
0 0.419531 0.479821 0.023438 0.040359
0 0.416406 0.448430 0.017188 0.022422
0 0.470313 0.506726 0.028125 0.044843
0 0.965625 0.477578 0.034375 0.053812
0 0.877344 0.482063 0.029687 0.044843
0 0.835156 0.450673 0.023438 0.031390
0 0.795312 0.475336 0.018750 0.035874
0 0.782031 0.445067 0.023438 0.033632
0 0.761719 0.482063 0.020313 0.040359
0 0.726562 0.473094 0.025000 0.040359
0 0.728125 0.446188 0.018750 0.026906
0 0.675781 0.486547 0.020313 0.035874
0 0.675000 0.452915 0.018750 0.031390
0 0.692969 0.445067 0.014063 0.029148
0 0.657031 0.437220 0.014063 0.026906
0 0.634375 0.429372 0.015625 0.029148
0 0.614844 0.476457 0.017188 0.038117
0 0.591406 0.489910 0.026562 0.038117
0 0.564844 0.477578 0.017188 0.035874
0 0.561719 0.452915 0.020313 0.035874
0 0.592187 0.443946 0.012500 0.026906
0 0.599219 0.429372 0.010937 0.020179
0 0.582031 0.429372 0.014063 0.024664
0 0.557031 0.427130 0.014063 0.024664
0 0.453906 0.451794 0.014063 0.033632
0 0.437500 0.438341 0.009375 0.020179
0 0.423438 0.424888 0.012500 0.015695
0 0.486719 0.440583 0.014063 0.020179
0 0.512500 0.439462 0.012500 0.022422
0 0.522656 0.430493 0.010937 0.017937
0 0.537500 0.423767 0.012500 0.022422
0 0.514844 0.419283 0.010937 0.017937
0 0.503125 0.418161 0.009375 0.020179
0 0.492969 0.427130 0.010937 0.015695
0 0.477344 0.429372 0.010937 0.015695
0 0.475781 0.414798 0.010937 0.017937
0 0.467969 0.426009 0.010937 0.017937
0 0.442969 0.414798 0.010937 0.017937
