0 0.178826 0.221485 0.048043 0.066313
0 0.246441 0.302387 0.037367 0.047745
0 0.224199 0.290451 0.024911 0.045093
0 0.306940 0.305040 0.044484 0.063660
0 0.341637 0.289125 0.024911 0.031830
0 0.387011 0.275862 0.023132 0.037135
0 0.379004 0.309019 0.035587 0.061008
0 0.459964 0.319629 0.058719 0.087533
0 0.412811 0.287798 0.024911 0.045093
0 0.537367 0.293103 0.021352 0.039788
0 0.548932 0.326260 0.026690 0.047745
0 0.640569 0.322281 0.032028 0.045093
0 0.627224 0.293103 0.019573 0.039788
0 0.698399 0.363395 0.069395 0.111406
0 0.723310 0.291777 0.030249 0.053050
0 0.790925 0.348806 0.055160 0.082228
