0 0.178750 0.640000 0.107500 0.200000
0 0.093750 0.450000 0.027500 0.046667
0 0.053750 0.448333 0.037500 0.070000
0 0.013750 0.456667 0.022500 0.053333
0 0.133750 0.460000 0.027500 0.046667
0 0.190000 0.493333 0.050000 0.080000
0 0.233750 0.465000 0.032500 0.050000
0 0.243750 0.381667 0.027500 0.036667
0 0.281250 0.503333 0.057500 0.080000
0 0.332500 0.446667 0.025000 0.040000
0 0.392500 0.445000 0.025000 0.043333
0 0.445000 0.431667 0.020000 0.036667
0 0.460000 0.451667 0.030000 0.043333
0 0.470000 0.465000 0.035000 0.063333
0 0.510000 0.453333 0.030000 0.046667
0 0.530000 0.501667 0.045000 0.070000
0 0.443750 0.553333 0.072500 0.093333
0 0.695000 0.593333 0.085000 0.113333
0 0.845000 0.495000 0.060000 0.096667
0 0.843750 0.446667 0.032500 0.053333
0 0.925000 0.450000 0.025000 0.040000
0 0.740000 0.461667 0.040000 0.063333
0 0.706250 0.446667 0.032500 0.046667
0 0.667500 0.443333 0.025000 0.040000
0 0.637500 0.441667 0.030000 0.050000
0 0.566250 0.431667 0.027500 0.036667
0 0.536250 0.433333 0.022500 0.033333
