0 0.090123 0.572222 0.106173 0.159259
0 0.161728 0.453704 0.091358 0.151852
0 0.270370 0.298148 0.066667 0.114815
0 0.392593 0.248148 0.044444 0.074074
0 0.469136 0.529630 0.093827 0.162963
0 0.488889 0.475926 0.074074 0.129630
0 0.504938 0.398148 0.076543 0.129630
0 0.628395 0.355556 0.056790 0.103704
0 0.645679 0.635185 0.140741 0.248148
0 0.776543 0.842593 0.239506 0.314815
0 0.707407 0.344444 0.041975 0.074074
0 0.754321 0.320370 0.037037 0.070370
0 0.787654 0.359259 0.039506 0.074074
0 0.835802 0.344444 0.056790 0.096296
0 0.844444 0.401852 0.059259 0.085185
0 0.943210 0.427778 0.088889 0.137037
