0 0.046165 0.706495 0.087459 0.157475
0 0.072342 0.565411 0.058644 0.092831
0 0.030337 0.550551 0.060268 0.088848
0 0.208300 0.562653 0.054586 0.104473
0 0.286019 0.549479 0.046875 0.069547
0 0.282569 0.718597 0.095982 0.185968
0 0.177354 0.910539 0.168019 0.178922
0 0.372463 0.566942 0.060268 0.095895
0 0.417309 0.580576 0.044846 0.077206
0 0.395292 0.504596 0.032873 0.064338
0 0.622666 0.537377 0.038352 0.064338
0 0.705966 0.550092 0.053977 0.094056
0 0.803876 0.763940 0.100041 0.187806
0 0.822443 0.551471 0.062906 0.103554
0 0.964387 0.634498 0.071226 0.131740
0 0.954343 0.574295 0.070617 0.102635
