0 0.178333 0.218045 0.066667 0.100251
0 0.470833 0.380952 0.031667 0.050125
0 0.495833 0.379699 0.035000 0.057644
0 0.526667 0.413534 0.040000 0.065163
0 0.560000 0.458647 0.040000 0.075188
0 0.613333 0.487469 0.053333 0.082707
0 0.669167 0.546366 0.061667 0.095238
0 0.620833 0.359649 0.028333 0.047619
0 0.673333 0.364662 0.030000 0.052632
0 0.691667 0.401003 0.026667 0.065163
0 0.715000 0.408521 0.040000 0.075188
0 0.726667 0.338346 0.026667 0.045113
0 0.760000 0.354637 0.030000 0.062657
0 0.811667 0.456140 0.050000 0.075188
0 0.827500 0.644110 0.091667 0.140351
0 0.886667 0.535088 0.060000 0.102757
0 0.851667 0.377193 0.040000 0.062657
0 0.919167 0.407268 0.041667 0.062657
0 0.982500 0.432331 0.031667 0.072682
0 0.983333 0.370927 0.033333 0.055138
