0 0.051378 0.640000 0.097744 0.166667
0 0.075188 0.853333 0.140351 0.293333
0 0.259398 0.673333 0.117794 0.140000
0 0.275689 0.561667 0.070175 0.110000
0 0.152882 0.521667 0.060150 0.076667
0 0.080201 0.548333 0.080201 0.103333
0 0.197995 0.476667 0.045113 0.060000
0 0.265664 0.453333 0.050125 0.066667
0 0.284461 0.476667 0.042607 0.046667
0 0.327068 0.458333 0.032581 0.056667
0 0.338346 0.546667 0.050125 0.073333
0 0.389724 0.538333 0.052632 0.096667
0 0.423559 0.530000 0.045113 0.073333
0 0.387218 0.483333 0.042607 0.060000
0 0.438596 0.486667 0.035088 0.060000
0 0.478697 0.513333 0.040100 0.060000
0 0.565163 0.396667 0.057644 0.106667
0 0.718045 0.468333 0.037594 0.056667
0 0.736842 0.493333 0.035088 0.053333
0 0.754386 0.586667 0.070175 0.133333
0 0.765664 0.508333 0.032581 0.043333
0 0.785714 0.478333 0.037594 0.056667
0 0.844612 0.520000 0.045113 0.066667
0 0.865915 0.570000 0.057644 0.080000
0 0.944862 0.608333 0.085213 0.130000
0 0.889724 0.503333 0.035088 0.060000
0 0.936090 0.513333 0.037594 0.060000
0 0.978697 0.506667 0.042607 0.080000
0 0.944862 0.751667 0.105263 0.163333
