0 0.057273 0.526634 0.103636 0.147700
0 0.107273 0.389831 0.040000 0.062954
0 0.224545 0.273608 0.041818 0.058111
0 0.210000 0.462470 0.092727 0.106538
0 0.376364 0.451574 0.076364 0.128329
0 0.439091 0.360775 0.060000 0.077482
0 0.366364 0.334140 0.038182 0.062954
0 0.629091 0.366828 0.043636 0.060533
0 0.654545 0.330508 0.036364 0.050847
0 0.720909 0.297821 0.038182 0.062954
0 0.778182 0.443099 0.101818 0.169492
0 0.779091 0.363196 0.074545 0.092010
0 0.853636 0.322034 0.049091 0.072639
0 0.919091 0.358354 0.063636 0.077482
0 0.972727 0.336562 0.054545 0.082324
