0 0.058654 0.579480 0.036538 0.054913
0 0.109615 0.622832 0.050000 0.078035
0 0.113462 0.573699 0.034615 0.054913
0 0.175000 0.813584 0.107692 0.141618
0 0.199038 0.630058 0.044231 0.086705
0 0.182692 0.554913 0.034615 0.046243
0 0.223077 0.563584 0.026923 0.046243
0 0.250000 0.591040 0.034615 0.060694
0 0.259615 0.546243 0.030769 0.046243
0 0.303846 0.554913 0.030769 0.040462
0 0.328846 0.618497 0.053846 0.057803
0 0.374038 0.580925 0.040385 0.057803
0 0.434615 0.586705 0.030769 0.052023
0 0.455769 0.556358 0.034615 0.049133
0 0.460577 0.450867 0.028846 0.046243
0 0.437500 0.686416 0.067308 0.112717
0 0.550000 0.697977 0.057692 0.106936
0 0.584615 0.632948 0.057692 0.098266
0 0.523077 0.560694 0.030769 0.046243
0 0.704808 0.638728 0.048077 0.092486
0 0.700962 0.598266 0.036538 0.069364
0 0.724038 0.570809 0.028846 0.060694
0 0.766346 0.599711 0.044231 0.072254
0 0.808654 0.570809 0.032692 0.066474
