0 0.055000 0.543967 0.043333 0.057260
0 0.091667 0.522495 0.036667 0.051125
0 0.136667 0.522495 0.043333 0.063395
0 0.168333 0.521472 0.033333 0.049080
0 0.185000 0.492843 0.033333 0.040900
0 0.221667 0.485685 0.036667 0.047035
0 0.256667 0.516360 0.040000 0.047035
0 0.202500 0.541922 0.035000 0.049080
0 0.216667 0.614519 0.043333 0.055215
0 0.304167 0.519427 0.035000 0.044990
0 0.333333 0.488753 0.030000 0.044990
0 0.365000 0.526585 0.036667 0.063395
0 0.330000 0.630879 0.040000 0.047035
0 0.403333 0.494888 0.033333 0.049080
0 0.413333 0.546012 0.030000 0.049080
0 0.428333 0.619632 0.040000 0.049080
0 0.456667 0.510225 0.040000 0.051125
0 0.481667 0.537832 0.033333 0.049080
0 0.535833 0.541922 0.035000 0.053170
0 0.541667 0.624744 0.046667 0.063395
0 0.560000 0.491820 0.033333 0.051125
0 0.616667 0.469325 0.036667 0.051125
0 0.595000 0.544990 0.036667 0.051125
0 0.644167 0.620654 0.041667 0.059305
0 0.657500 0.532720 0.035000 0.047035
0 0.677500 0.509202 0.035000 0.053170
0 0.716667 0.539877 0.043333 0.057260
0 0.755833 0.506135 0.035000 0.051125
0 0.760833 0.554192 0.035000 0.049080
0 0.735000 0.630879 0.040000 0.059305
0 0.821667 0.552147 0.040000 0.053170
0 0.798333 0.514315 0.036667 0.051125
0 0.852500 0.517382 0.038333 0.049080
0 0.883333 0.560327 0.040000 0.049080
0 0.906667 0.521472 0.036667 0.044990
0 0.933333 0.536810 0.040000 0.051125
0 0.893333 0.637014 0.043333 0.063395
