0 0.064236 0.557851 0.055941 0.091942
0 0.020448 0.550878 0.037809 0.073864
0 0.132523 0.602789 0.069830 0.095041
0 0.258681 0.778667 0.133102 0.166839
0 0.221836 0.521952 0.040895 0.060434
0 0.278549 0.531508 0.042438 0.055785
0 0.288580 0.508781 0.032407 0.046488
0 0.318094 0.403409 0.028164 0.036157
0 0.360147 0.531508 0.042052 0.057851
0 0.440586 0.497417 0.035494 0.054752
0 0.475116 0.585227 0.054398 0.091942
0 0.503472 0.514463 0.030864 0.043388
0 0.543210 0.524019 0.031636 0.042872
0 0.596065 0.516271 0.036265 0.041839
0 0.608603 0.576188 0.059799 0.082128
0 0.701003 0.675878 0.106481 0.150310
0 0.666088 0.549587 0.047454 0.053719
0 0.636574 0.500258 0.029321 0.037707
0 0.695216 0.490444 0.028549 0.040806
0 0.746142 0.522727 0.039352 0.050620
0 0.788002 0.510847 0.029707 0.058884
0 0.822145 0.522211 0.033951 0.053719
0 0.868634 0.532541 0.049769 0.077479
0 0.862076 0.655217 0.088349 0.118285
0 0.934221 0.564824 0.052855 0.077996
0 0.944059 0.522211 0.039352 0.053719
