0 0.144271 0.772685 0.096875 0.173148
0 0.027083 0.618056 0.052083 0.149074
0 0.039062 0.440278 0.036458 0.071296
0 0.135156 0.504167 0.039062 0.076852
0 0.171354 0.404167 0.025000 0.054630
0 0.151562 0.420833 0.021875 0.036111
0 0.200781 0.414352 0.031771 0.073148
0 0.265625 0.421296 0.034375 0.050000
0 0.251042 0.539352 0.039583 0.071296
0 0.276823 0.508796 0.030729 0.052778
0 0.302865 0.623148 0.047396 0.075926
0 0.464323 0.660185 0.054688 0.087037
0 0.484896 0.587963 0.043750 0.059259
0 0.369271 0.512963 0.041667 0.061111
0 0.348438 0.497222 0.034375 0.061111
0 0.386458 0.392593 0.031250 0.051852
0 0.409635 0.389815 0.026562 0.042593
0 0.437760 0.378704 0.019271 0.042593
0 0.459635 0.390741 0.028646 0.055556
0 0.479948 0.415741 0.028646 0.046296
0 0.492448 0.383333 0.019271 0.042593
0 0.532292 0.375463 0.021875 0.043519
0 0.359896 0.312963 0.018750 0.042593
0 0.340365 0.309259 0.023438 0.035185
0 0.569271 0.475926 0.038542 0.074074
0 0.579688 0.440741 0.025000 0.042593
0 0.580469 0.401852 0.021354 0.040741
0 0.582812 0.381019 0.017708 0.037963
0 0.564844 0.404630 0.017188 0.037037
0 0.611979 0.398148 0.020833 0.042593
0 0.632031 0.435185 0.030729 0.055556
0 0.656250 0.393981 0.027083 0.041667
0 0.592448 0.649537 0.057813 0.097222
0 0.801562 0.726389 0.082292 0.141667
0 0.829167 0.601852 0.053125 0.100000
0 0.905208 0.593981 0.044792 0.073148
0 0.916667 0.537037 0.031250 0.072222
0 0.943229 0.463889 0.038542 0.062963
0 0.843229 0.546296 0.038542 0.055556
0 0.794792 0.496759 0.037500 0.052778
0 0.827865 0.445833 0.033854 0.065741
0 0.770052 0.324537 0.031771 0.063889
0 0.740885 0.476852 0.043229 0.090741
0 0.715104 0.418981 0.025000 0.047222
0 0.693750 0.437037 0.020833 0.050000
0 0.645833 0.493056 0.035417 0.076852
