0 0.112881 0.251961 0.059557 0.111765
0 0.234765 0.454902 0.114958 0.172549
0 0.258310 0.268627 0.056787 0.082353
0 0.389889 0.273529 0.040166 0.068627
0 0.467452 0.263725 0.051247 0.084314
0 0.545706 0.261765 0.033241 0.056863
0 0.621191 0.268627 0.034626 0.066667
0 0.641967 0.300980 0.051247 0.068627
0 0.702909 0.548039 0.134349 0.182353
0 0.822022 0.305882 0.054017 0.070588
0 0.833795 0.261765 0.044321 0.072549
0 0.739612 0.263725 0.033241 0.049020
0 0.905125 0.466667 0.098338 0.141176
0 0.934903 0.306863 0.063712 0.088235
