0 0.896266 0.458029 0.062241 0.135036
0 0.716805 0.545620 0.031120 0.069343
0 0.678423 0.523723 0.033195 0.062044
0 0.690871 0.500000 0.029046 0.051095
0 0.642116 0.516423 0.026971 0.062044
0 0.561203 0.529197 0.035270 0.072993
0 0.563278 0.479927 0.031120 0.062044
0 0.539419 0.498175 0.033195 0.054745
0 0.430498 0.510949 0.035270 0.065693
0 0.454357 0.487226 0.033195 0.069343
0 0.401452 0.487226 0.026971 0.054745
0 0.370332 0.536496 0.043568 0.080292
0 0.359959 0.633212 0.064315 0.135036
0 0.346473 0.483577 0.033195 0.076642
0 0.285270 0.529197 0.051867 0.109489
0 0.165975 0.572993 0.070539 0.138686
0 0.191909 0.364964 0.064315 0.131387
0 0.233402 0.452555 0.031120 0.072993
0 0.241701 0.395985 0.018672 0.047445
0 0.227178 0.406934 0.022822 0.047445
0 0.324689 0.417883 0.022822 0.054745
0 0.374481 0.461679 0.026971 0.062044
0 0.290456 0.468978 0.037344 0.054745
0 0.309129 0.456204 0.024896 0.065693
0 0.291494 0.423358 0.026971 0.058394
0 0.360996 0.428832 0.020747 0.054745
0 0.136929 0.414234 0.033195 0.069343
0 0.100622 0.416058 0.031120 0.058394
0 0.076763 0.456204 0.041494 0.080292
0 0.022822 0.423358 0.037344 0.072993
0 0.048755 0.416058 0.026971 0.058394
0 0.048755 0.364964 0.026971 0.043796
0 0.070539 0.343066 0.020747 0.043796
0 0.130705 0.346715 0.024896 0.036496
0 0.016598 0.346715 0.024896 0.043796
0 0.020747 0.310219 0.024896 0.043796
