0 0.155435 0.564205 0.139224 0.282955
0 0.335982 0.784091 0.200254 0.336364
0 0.601716 0.419886 0.089638 0.182955
0 0.732359 0.364205 0.068659 0.146591
0 0.778449 0.324432 0.057851 0.119318
0 0.902416 0.485795 0.097266 0.201136
0 0.930388 0.414773 0.074380 0.152273
0 0.958996 0.334659 0.065480 0.144318
0 0.892880 0.230114 0.033694 0.073864
0 0.854418 0.253977 0.041958 0.080682
0 0.801653 0.277841 0.052130 0.098864
0 0.770184 0.214773 0.034965 0.077273
0 0.722505 0.223295 0.041322 0.089773
0 0.656389 0.277841 0.046408 0.098864
0 0.585188 0.292614 0.056580 0.105682
0 0.575016 0.186364 0.033694 0.072727
0 0.625238 0.201705 0.034965 0.073864
0 0.665925 0.190341 0.036236 0.073864
0 0.482517 0.314773 0.063573 0.131818
0 0.520343 0.250000 0.048951 0.097727
0 0.508900 0.195455 0.034965 0.065909
0 0.486014 0.194318 0.032422 0.068182
0 0.444692 0.174432 0.029879 0.064773
0 0.447235 0.260795 0.043865 0.098864
0 0.369040 0.385795 0.074380 0.151136
0 0.345200 0.280114 0.054673 0.103409
0 0.412905 0.243750 0.041322 0.071591
0 0.406230 0.173295 0.027972 0.067045
0 0.351558 0.181250 0.030515 0.067045
0 0.310553 0.271023 0.040051 0.092045
0 0.324857 0.212500 0.040687 0.075000
0 0.290528 0.192614 0.030515 0.055682
0 0.276224 0.169886 0.019708 0.039773
0 0.229498 0.257386 0.050858 0.105682
0 0.209472 0.333523 0.057851 0.123864
0 0.160839 0.252841 0.038144 0.073864
0 0.224730 0.200568 0.031151 0.055682
0 0.236491 0.182386 0.027972 0.057955
0 0.172600 0.178409 0.031151 0.061364
0 0.156071 0.203409 0.029879 0.052273
0 0.126510 0.259659 0.034329 0.096591
0 0.095677 0.288636 0.055308 0.122727
0 0.054673 0.243182 0.041958 0.095455
0 0.097584 0.204545 0.033694 0.059091
0 0.016847 0.302841 0.032422 0.092045
0 0.024793 0.226705 0.026701 0.053409
0 0.028290 0.184659 0.032422 0.062500
