0 0.037857 0.515455 0.055714 0.085455
0 0.117143 0.503636 0.077143 0.094545
0 0.273571 0.480909 0.072857 0.100000
0 0.339286 0.576364 0.127143 0.181818
0 0.385714 0.454545 0.057143 0.076364
0 0.402143 0.365455 0.041429 0.058182
0 0.451429 0.464545 0.042857 0.070909
0 0.476429 0.451818 0.032857 0.049091
0 0.454286 0.426364 0.028571 0.041818
0 0.482857 0.418182 0.025714 0.040000
0 0.536429 0.423636 0.024286 0.043636
0 0.574286 0.511818 0.091429 0.136364
0 0.647143 0.504545 0.068571 0.118182
0 0.582143 0.444545 0.041429 0.056364
0 0.602857 0.409091 0.028571 0.040000
0 0.630714 0.424545 0.052857 0.056364
0 0.654286 0.401818 0.022857 0.040000
0 0.669286 0.441818 0.032857 0.054545
0 0.708571 0.440909 0.051429 0.078182
0 0.747143 0.437273 0.051429 0.070909
0 0.783571 0.424545 0.038571 0.067273
0 0.799286 0.399091 0.030000 0.052727
0 0.812143 0.417273 0.024286 0.045455
0 0.827143 0.400909 0.034286 0.063636
0 0.902143 0.430000 0.044286 0.074545
0 0.965000 0.463636 0.070000 0.141818
0 0.847143 0.501818 0.071429 0.101818
