0 0.225000 0.504854 0.131081 0.296117
0 0.395946 0.810680 0.137838 0.252427
0 0.310811 0.325243 0.094595 0.203883
0 0.246622 0.087379 0.060811 0.140777
0 0.145270 0.355583 0.112162 0.220874
0 0.113514 0.112864 0.056757 0.109223
0 0.182432 0.274272 0.078378 0.160194
0 0.388514 0.263350 0.077027 0.162621
0 0.343243 0.057039 0.070270 0.109223
0 0.442568 0.050971 0.060811 0.097087
0 0.489189 0.287621 0.062162 0.133495
0 0.635135 0.208738 0.062162 0.135922
0 0.660811 0.120146 0.048649 0.089806
0 0.632432 0.042476 0.045946 0.080097
0 0.739189 0.052184 0.051351 0.094660
0 0.818919 0.206311 0.059459 0.145631
0 0.870946 0.173544 0.063514 0.143204
0 0.825676 0.058252 0.043243 0.097087
0 0.925676 0.061893 0.048649 0.104369
0 0.962838 0.162621 0.052703 0.126214
