0 0.064545 0.770195 0.096364 0.153203
0 0.089091 0.603064 0.065455 0.097493
0 0.095455 0.526462 0.041818 0.061281
0 0.089091 0.447075 0.029091 0.041783
0 0.177273 0.442897 0.023636 0.027855
0 0.190000 0.423398 0.020000 0.033426
0 0.214545 0.466574 0.025455 0.041783
0 0.254545 0.504178 0.043636 0.066852
0 0.324545 0.590529 0.067273 0.100279
0 0.421818 0.703343 0.083636 0.158774
0 0.507273 0.506964 0.032727 0.055710
0 0.425455 0.467967 0.029091 0.044568
0 0.450000 0.447075 0.023636 0.041783
0 0.413636 0.426184 0.020000 0.033426
0 0.377273 0.449861 0.030909 0.041783
0 0.342727 0.424791 0.020000 0.030641
0 0.643636 0.572423 0.061818 0.097493
0 0.657273 0.467967 0.030909 0.044568
0 0.668182 0.438719 0.023636 0.036212
0 0.571818 0.449861 0.020000 0.041783
0 0.593636 0.448468 0.020000 0.033426
0 0.770909 0.559889 0.047273 0.077994
0 0.723636 0.466574 0.025455 0.041783
0 0.842727 0.506964 0.045455 0.061281
0 0.938182 0.493036 0.040000 0.055710
0 0.960909 0.707521 0.078182 0.150418
