0 0.063927 0.605178 0.086758 0.148867
0 0.115297 0.508091 0.061644 0.097087
0 0.173516 0.532362 0.050228 0.074434
0 0.183790 0.674757 0.125571 0.177994
0 0.238584 0.514563 0.057078 0.071197
0 0.283105 0.495146 0.036530 0.058252
0 0.321918 0.598706 0.082192 0.110032
0 0.414384 0.555016 0.043379 0.061489
0 0.394977 0.498382 0.031963 0.051780
0 0.520548 0.459547 0.036530 0.051780
0 0.635845 0.496764 0.029680 0.048544
0 0.704338 0.533981 0.052511 0.077670
0 0.688356 0.503236 0.038813 0.061489
0 0.793379 0.564725 0.075342 0.113269
0 0.858447 0.555016 0.063927 0.100324
0 0.915525 0.517799 0.050228 0.071197
0 0.912100 0.700647 0.130137 0.203883
