0 0.038611 0.389630 0.056111 0.097778
0 0.131389 0.447037 0.099444 0.137037
0 0.182222 0.327778 0.046667 0.082222
0 0.123611 0.293333 0.042778 0.059259
0 0.211667 0.281481 0.037778 0.050370
0 0.298611 0.380370 0.067222 0.094074
0 0.301111 0.305185 0.034444 0.059259
0 0.366389 0.277037 0.036111 0.053333
0 0.413611 0.260000 0.031667 0.047407
0 0.429722 0.329630 0.051667 0.081481
0 0.473333 0.298148 0.040000 0.057037
0 0.511111 0.278148 0.038889 0.058519
0 0.541667 0.271481 0.035556 0.055556
0 0.574167 0.471852 0.091667 0.152593
0 0.624444 0.363333 0.067778 0.108889
0 0.655278 0.304815 0.048333 0.071852
0 0.688333 0.260741 0.037778 0.068148
0 0.871944 0.244074 0.037222 0.055556
0 0.883611 0.283333 0.037222 0.065926
0 0.924167 0.305185 0.048333 0.081481
0 0.952222 0.341852 0.058889 0.102963
0 0.975556 0.388519 0.048889 0.119259
