0 0.023148 0.552925 0.035185 0.058496
0 0.059259 0.543175 0.037037 0.061281
0 0.133333 0.550139 0.051852 0.080780
0 0.162963 0.527855 0.037037 0.058496
0 0.188889 0.534819 0.048148 0.072423
0 0.212037 0.508357 0.027778 0.052925
0 0.240741 0.513928 0.040741 0.069638
0 0.271296 0.506964 0.027778 0.055710
0 0.308333 0.523677 0.046296 0.072423
0 0.320370 0.491643 0.033333 0.064067
0 0.363889 0.488858 0.035185 0.052925
0 0.399074 0.488858 0.031481 0.052925
0 0.382407 0.600279 0.075926 0.130919
0 0.441667 0.506964 0.053704 0.094708
0 0.548148 0.529248 0.051852 0.089136
0 0.481481 0.474930 0.029630 0.041783
0 0.516667 0.459610 0.022222 0.044568
0 0.561111 0.481894 0.033333 0.061281
0 0.641667 0.586351 0.075926 0.153203
0 0.699074 0.506964 0.053704 0.100279
0 0.671296 0.501393 0.031481 0.061281
0 0.653704 0.458217 0.029630 0.047354
0 0.612037 0.463788 0.027778 0.058496
0 0.597222 0.456825 0.020370 0.044568
0 0.584259 0.447075 0.012963 0.030641
0 0.543519 0.455432 0.016667 0.030641
0 0.684259 0.447075 0.024074 0.041783
0 0.729630 0.465181 0.022222 0.044568
0 0.714815 0.433148 0.022222 0.041783
0 0.737963 0.440111 0.020370 0.038997
0 0.738889 0.423398 0.018519 0.033426
0 0.796296 0.476323 0.048148 0.066852
0 0.821296 0.448468 0.031481 0.061281
0 0.851852 0.440111 0.029630 0.061281
0 0.900000 0.498607 0.051852 0.094708
0 0.918519 0.455432 0.037037 0.064067
0 0.902778 0.403900 0.020370 0.038997
