0 0.052548 0.526882 0.050955 0.064516
0 0.141720 0.515054 0.038217 0.058065
0 0.188694 0.506452 0.039809 0.053763
0 0.218949 0.510753 0.030255 0.045161
0 0.243631 0.520430 0.025478 0.043011
0 0.262739 0.525806 0.031847 0.058065
0 0.281847 0.545161 0.041401 0.062366
0 0.302548 0.507527 0.028662 0.038710
0 0.340764 0.512903 0.028662 0.045161
0 0.343153 0.579570 0.058917 0.083871
0 0.379777 0.532258 0.030255 0.049462
0 0.353503 0.722581 0.117834 0.141935
0 0.423567 0.544086 0.038217 0.047312
0 0.432325 0.515054 0.033439 0.040860
0 0.418790 0.637634 0.070064 0.092473
0 0.488854 0.663441 0.070064 0.122581
0 0.539013 0.573118 0.042994 0.058065
0 0.529459 0.537634 0.036624 0.051613
0 0.523885 0.504301 0.031847 0.045161
0 0.476911 0.558065 0.036624 0.058065
0 0.481688 0.522581 0.030255 0.038710
0 0.478503 0.496774 0.023885 0.030108
0 0.568471 0.512903 0.022293 0.032258
0 0.552548 0.500000 0.025478 0.040860
0 0.575637 0.551613 0.030255 0.058065
0 0.597134 0.595699 0.050955 0.073118
0 0.609873 0.545161 0.035032 0.045161
0 0.644904 0.562366 0.044586 0.075269
0 0.640924 0.518280 0.027070 0.038710
0 0.621815 0.502151 0.030255 0.040860
0 0.664809 0.555914 0.027070 0.053763
0 0.711783 0.520430 0.028662 0.051613
0 0.705414 0.577419 0.047771 0.062366
0 0.715764 0.640860 0.062102 0.086022
0 0.574841 0.707527 0.092357 0.120430
0 0.828822 0.772043 0.125796 0.167742
0 0.763535 0.543011 0.033439 0.045161
0 0.742834 0.570968 0.039809 0.053763
0 0.843949 0.584946 0.035032 0.047312
0 0.838376 0.560215 0.030255 0.036559
0 0.837580 0.526882 0.031847 0.043011
0 0.913217 0.554839 0.027070 0.038710
0 0.912420 0.606452 0.035032 0.055914
0 0.942675 0.647312 0.044586 0.073118
0 0.954618 0.750538 0.062102 0.116129
0 0.934713 0.575269 0.035032 0.049462
