0 0.062132 0.356354 0.042240 0.074770
0 0.108669 0.341068 0.038556 0.075875
0 0.140226 0.350829 0.054028 0.074770
0 0.199902 0.367219 0.063851 0.090608
0 0.278610 0.429282 0.068026 0.096869
0 0.310167 0.481031 0.063851 0.103131
0 0.439587 0.433702 0.070236 0.113812
0 0.498895 0.473481 0.068026 0.126335
0 0.643787 0.518785 0.074411 0.153591
0 0.777137 0.719890 0.105354 0.170534
0 0.902014 0.519890 0.081532 0.124125
0 0.858792 0.455064 0.063851 0.099816
0 0.820236 0.409945 0.051081 0.100184
0 0.655083 0.373481 0.064587 0.090608
0 0.551940 0.363536 0.053291 0.091344
0 0.462058 0.351565 0.046415 0.069613
0 0.417117 0.346225 0.054764 0.081768
0 0.345899 0.294659 0.052800 0.086188
0 0.284504 0.272560 0.044941 0.075875
0 0.232318 0.277348 0.045678 0.066298
0 0.492878 0.148435 0.049116 0.086188
0 0.499632 0.233702 0.028733 0.069613
0 0.588654 0.242541 0.042731 0.068140
0 0.605231 0.226888 0.026768 0.064088
0 0.705182 0.128913 0.035609 0.076611
0 0.701989 0.281584 0.047888 0.076980
0 0.758841 0.279926 0.043713 0.081768
0 0.747913 0.233517 0.037083 0.056722
0 0.812500 0.238858 0.041503 0.071823
0 0.866159 0.272560 0.042240 0.088398
