0 0.117560 0.404537 0.032738 0.052930
0 0.131696 0.438563 0.028274 0.056711
0 0.159226 0.415879 0.038690 0.060491
0 0.194196 0.411153 0.037202 0.066163
0 0.229911 0.406427 0.043155 0.068053
0 0.274554 0.412098 0.046131 0.079395
0 0.334077 0.440454 0.052083 0.086957
0 0.404762 0.450851 0.053571 0.103970
0 0.465774 0.431002 0.050595 0.102079
0 0.549107 0.413043 0.032738 0.051040
0 0.584821 0.413989 0.032738 0.052930
0 0.644345 0.413043 0.035714 0.062382
0 0.689732 0.395085 0.031250 0.045369
0 0.751488 0.421550 0.035714 0.064272
0 0.792411 0.406427 0.046131 0.064272
0 0.866071 0.444234 0.047619 0.075614
