0 0.876316 0.186620 0.100000 0.147887
0 0.739474 0.360915 0.042105 0.066901
0 0.702632 0.373239 0.042105 0.070423
0 0.665789 0.355634 0.047368 0.063380
0 0.628947 0.396127 0.052632 0.073944
0 0.569737 0.424296 0.060526 0.088028
0 0.536842 0.371479 0.031579 0.052817
0 0.480263 0.367958 0.039474 0.052817
0 0.438158 0.382042 0.044737 0.066901
0 0.305263 0.424296 0.084211 0.123239
0 0.190789 0.492958 0.097368 0.147887
0 0.077632 0.531690 0.113158 0.183099
0 0.034211 0.410211 0.036842 0.080986
0 0.068421 0.401408 0.057895 0.091549
0 0.094737 0.359155 0.052632 0.077465
0 0.043421 0.353873 0.044737 0.073944
0 0.151316 0.392606 0.039474 0.059859
0 0.193421 0.376761 0.039474 0.063380
0 0.218421 0.411972 0.052632 0.063380
0 0.242105 0.357394 0.042105 0.066901
