0 0.015000 0.563670 0.027500 0.074906
0 0.273750 0.699438 0.082500 0.147940
0 0.240000 0.582397 0.040000 0.067416
0 0.215625 0.533708 0.026250 0.048689
0 0.198750 0.501873 0.030000 0.056180
0 0.263750 0.506554 0.027500 0.054307
0 0.285625 0.483146 0.028750 0.059925
0 0.306875 0.517790 0.031250 0.050562
0 0.319375 0.563670 0.038750 0.067416
0 0.361250 0.604869 0.042500 0.078652
0 0.475000 0.676966 0.075000 0.129213
0 0.436250 0.602060 0.037500 0.076779
0 0.400625 0.544007 0.033750 0.054307
0 0.410000 0.512172 0.025000 0.039326
0 0.440625 0.505618 0.021250 0.041199
0 0.489375 0.523408 0.036250 0.058052
0 0.502500 0.489700 0.027500 0.050562
0 0.545000 0.463483 0.027500 0.050562
0 0.543750 0.530899 0.027500 0.054307
0 0.575000 0.546816 0.040000 0.074906
0 0.619375 0.529026 0.031250 0.058052
0 0.620625 0.680712 0.078750 0.136704
0 0.648125 0.495318 0.026250 0.046816
0 0.685000 0.543071 0.040000 0.078652
0 0.700000 0.489700 0.027500 0.043071
0 0.737500 0.501873 0.027500 0.048689
0 0.750000 0.573034 0.042500 0.074906
0 0.769375 0.528090 0.031250 0.063670
0 0.808125 0.505618 0.028750 0.044944
0 0.830625 0.530899 0.033750 0.058052
0 0.840000 0.572097 0.045000 0.076779
0 0.823125 0.650749 0.053750 0.095506
0 0.905000 0.648876 0.055000 0.095506
0 0.964375 0.547753 0.038750 0.069288
0 0.985625 0.638577 0.028750 0.104869
