0 0.097500 0.581967 0.085000 0.143443
0 0.041875 0.461066 0.046250 0.077869
0 0.168750 0.506148 0.070000 0.114754
0 0.200625 0.456967 0.043750 0.086066
0 0.175625 0.402664 0.028750 0.047131
0 0.236875 0.393443 0.031250 0.065574
0 0.371250 0.428279 0.035000 0.069672
0 0.381875 0.401639 0.028750 0.057377
0 0.447500 0.421107 0.032500 0.063525
0 0.491250 0.409836 0.025000 0.061475
0 0.527500 0.407787 0.032500 0.061475
0 0.573125 0.431352 0.038750 0.084016
0 0.610625 0.392418 0.028750 0.063525
0 0.673750 0.433402 0.040000 0.071721
0 0.811250 0.529713 0.062500 0.116803
0 0.926875 0.598361 0.098750 0.184426
0 0.795625 0.451844 0.053750 0.096311
0 0.785000 0.391393 0.030000 0.057377
0 0.881875 0.412910 0.028750 0.059426
0 0.909375 0.433402 0.048750 0.079918
