0 0.053452 0.626984 0.097996 0.168254
0 0.118040 0.582540 0.080178 0.130159
0 0.131403 0.477778 0.071269 0.104762
0 0.399777 0.498413 0.051225 0.082540
0 0.442094 0.496825 0.069042 0.130159
0 0.492205 0.528571 0.066815 0.104762
0 0.584633 0.549206 0.086860 0.146032
0 0.651448 0.452381 0.060134 0.111111
0 0.632517 0.296825 0.048998 0.092063
0 0.720490 0.507937 0.064588 0.120635
0 0.694878 0.733333 0.124722 0.253968
0 0.840757 0.798413 0.216036 0.358730
0 0.819599 0.557143 0.097996 0.136508
0 0.912027 0.484127 0.064588 0.111111
0 0.954343 0.576190 0.091314 0.174603
0 0.964365 0.507937 0.057906 0.107937
