0 0.073022 0.522260 0.089249 0.174658
0 0.027383 0.356164 0.042596 0.082192
0 0.098377 0.359589 0.042596 0.089041
0 0.154158 0.393836 0.060852 0.109589
0 0.104462 0.299658 0.030426 0.051370
0 0.189655 0.318493 0.030426 0.047945
0 0.550710 0.535959 0.075051 0.099315
0 0.485801 0.421233 0.050710 0.109589
0 0.430020 0.364726 0.032454 0.071918
0 0.376268 0.339041 0.042596 0.047945
0 0.469574 0.231164 0.034483 0.051370
0 0.442191 0.208904 0.020284 0.047945
0 0.526369 0.268836 0.030426 0.044521
0 0.560852 0.366438 0.050710 0.095890
0 0.641988 0.400685 0.058824 0.102740
0 0.781947 0.541096 0.083164 0.136986
0 0.760649 0.434932 0.060852 0.082192
0 0.836714 0.443493 0.050710 0.078767
0 0.959432 0.489726 0.081136 0.171233
0 0.943205 0.306507 0.036511 0.065068
0 0.893509 0.289384 0.034483 0.044521
0 0.789047 0.313356 0.036511 0.037671
0 0.807302 0.292808 0.028398 0.037671
0 0.743408 0.272260 0.026369 0.030822
0 0.706897 0.275685 0.018256 0.037671
0 0.644016 0.256849 0.022312 0.034247
0 0.607505 0.297945 0.034483 0.047945
0 0.565923 0.273973 0.024341 0.034247
0 0.349899 0.296233 0.022312 0.044521
0 0.352941 0.270548 0.020284 0.041096
0 0.391481 0.279110 0.024341 0.037671
0 0.427992 0.272260 0.020284 0.037671
