0 0.038333 0.646617 0.070000 0.145363
0 0.120833 0.701754 0.091667 0.140351
0 0.107500 0.571429 0.061667 0.105263
0 0.240000 0.617794 0.070000 0.127820
0 0.312500 0.627820 0.081667 0.122807
0 0.347500 0.540100 0.071667 0.102757
0 0.460000 0.575188 0.083333 0.117794
0 0.473333 0.770677 0.123333 0.208020
0 0.655833 0.616541 0.105000 0.165414
0 0.779167 0.885965 0.188333 0.218045
0 0.793333 0.591479 0.093333 0.135338
0 0.883333 0.545113 0.086667 0.122807
0 0.958333 0.676692 0.083333 0.160401
0 0.595833 0.295739 0.065000 0.100251
