0 0.085744 0.416667 0.109504 0.180000
0 0.347107 0.543333 0.066116 0.113333
0 0.362603 0.463333 0.051653 0.080000
0 0.503099 0.490000 0.059917 0.080000
0 0.488636 0.421667 0.035124 0.063333
0 0.564050 0.415000 0.033058 0.063333
0 0.603306 0.440000 0.037190 0.066667
0 0.626033 0.411667 0.020661 0.050000
0 0.669421 0.426667 0.033058 0.060000
0 0.732438 0.410000 0.022727 0.046667
0 0.980372 0.518333 0.035124 0.103333
0 0.964876 0.466667 0.041322 0.060000
0 0.946281 0.433333 0.028926 0.053333
0 0.972107 0.416667 0.030992 0.060000
