0 0.016435 0.371910 0.030341 0.056180
0 0.068268 0.393258 0.040455 0.067416
0 0.119469 0.378652 0.067004 0.128090
0 0.189633 0.371910 0.027813 0.069663
0 0.211757 0.420225 0.041719 0.085393
0 0.290139 0.373034 0.026549 0.062921
0 0.340076 0.382022 0.032870 0.076404
0 0.411504 0.384270 0.031606 0.062921
0 0.435525 0.408989 0.039191 0.076404
0 0.567636 0.410112 0.058154 0.110112
0 0.599874 0.385393 0.034134 0.087640
0 0.652339 0.373034 0.035398 0.071910
0 0.714918 0.392135 0.031606 0.060674
0 0.621365 0.400000 0.026549 0.071910
0 0.811631 0.403371 0.037927 0.069663
0 0.846397 0.400000 0.044248 0.085393
0 0.895070 0.412360 0.065740 0.123596
