0 0.024823 0.534442 0.040189 0.071259
0 0.131206 0.510689 0.038613 0.059382
0 0.162333 0.554632 0.056738 0.078385
0 0.172971 0.513064 0.040189 0.061758
0 0.227344 0.483967 0.030733 0.046318
0 0.289204 0.498219 0.031521 0.048694
0 0.321119 0.520190 0.040189 0.059382
0 0.250985 0.582542 0.055950 0.081948
0 0.334515 0.725059 0.095351 0.153207
0 0.338061 0.394893 0.036249 0.062945
0 0.364854 0.495249 0.028369 0.045131
0 0.418834 0.530879 0.044917 0.066508
0 0.434200 0.500594 0.031521 0.060570
0 0.509062 0.533848 0.044129 0.055819
0 0.503940 0.495249 0.027581 0.040380
0 0.578802 0.488717 0.024429 0.048694
0 0.576832 0.620546 0.070922 0.108076
0 0.597715 0.865796 0.125296 0.199525
0 0.672971 0.549287 0.048857 0.086698
0 0.715130 0.520784 0.041765 0.072447
0 0.764775 0.529691 0.033885 0.047506
0 0.821513 0.577791 0.046493 0.079572
0 0.758471 0.638361 0.073286 0.124703
0 0.853034 0.542755 0.035461 0.064133
0 0.868006 0.510095 0.033885 0.060570
