0 0.040288 0.401757 0.073836 0.116422
0 0.189032 0.338031 0.064951 0.094363
0 0.291820 0.308007 0.052390 0.086601
0 0.371783 0.392770 0.083640 0.120507
0 0.424786 0.272672 0.040135 0.075572
0 0.495098 0.363971 0.079044 0.114379
0 0.519761 0.275123 0.049326 0.078840
0 0.557445 0.297590 0.048713 0.069853
0 0.594056 0.329453 0.064951 0.093546
0 0.631434 0.290645 0.047181 0.069853
0 0.681832 0.293709 0.059743 0.081699
0 0.684896 0.233864 0.040135 0.065768
0 0.841299 0.205065 0.044118 0.067810
0 0.866728 0.262663 0.054534 0.085784
0 0.878370 0.206495 0.038603 0.055147
0 0.940411 0.227737 0.049326 0.065768
0 0.945312 0.187092 0.039522 0.055556
