0 0.169434 0.723203 0.073242 0.102614
0 0.148926 0.671569 0.032227 0.050327
0 0.253174 0.673203 0.031738 0.047059
0 0.308350 0.706863 0.050293 0.068627
0 0.365234 0.694444 0.041992 0.071242
0 0.369385 0.794444 0.086426 0.132680
0 0.375977 0.600327 0.026367 0.050327
0 0.449951 0.717647 0.049316 0.081046
0 0.484619 0.698693 0.037598 0.065359
0 0.510498 0.700980 0.038574 0.060784
0 0.592041 0.716013 0.043457 0.058170
0 0.608643 0.708170 0.030762 0.054248
0 0.718994 0.766993 0.073730 0.105229
0 0.726074 0.708170 0.053711 0.066013
0 0.886719 0.694771 0.037109 0.052288
0 0.938477 0.697059 0.039062 0.058170
