0 0.081771 0.227083 0.098958 0.120833
0 0.333854 0.266667 0.051042 0.077778
0 0.352604 0.322222 0.059375 0.077778
0 0.399479 0.347222 0.063542 0.077778
0 0.424479 0.477778 0.088542 0.133333
0 0.530729 0.386111 0.076042 0.119444
0 0.487500 0.236111 0.058333 0.086111
0 0.552604 0.258333 0.051042 0.069444
0 0.605729 0.225000 0.044792 0.075000
0 0.652083 0.235417 0.054167 0.090278
0 0.731771 0.177778 0.096875 0.144444
0 0.800000 0.195139 0.056250 0.093056
0 0.746354 0.098611 0.051042 0.086111
0 0.813542 0.125694 0.047917 0.059722
0 0.873958 0.041667 0.052083 0.077778
0 0.897917 0.218750 0.104167 0.165278
0 0.978646 0.154167 0.042708 0.102778
