0 0.924685 0.422051 0.026025 0.054775
0 0.914826 0.415730 0.029968 0.064607
0 0.876972 0.402388 0.025237 0.040730
0 0.835962 0.405197 0.025237 0.051966
0 0.820584 0.385534 0.019716 0.037921
0 0.814274 0.365169 0.019716 0.044944
0 0.764196 0.529494 0.075710 0.143258
0 0.705836 0.560393 0.063091 0.140449
0 0.573344 0.610253 0.107256 0.206461
0 0.534700 0.471910 0.045741 0.081461
0 0.625789 0.484551 0.038644 0.078652
0 0.741325 0.463483 0.037855 0.064607
0 0.710962 0.428371 0.033912 0.061798
0 0.716483 0.372893 0.022871 0.046348
0 0.696372 0.406601 0.022082 0.040730
0 0.679022 0.397472 0.020505 0.039326
0 0.669164 0.379916 0.016562 0.037921
0 0.649054 0.401685 0.023659 0.056180
0 0.619085 0.422051 0.031546 0.060393
0 0.599763 0.410815 0.024448 0.049157
0 0.624606 0.375702 0.018927 0.037921
0 0.586356 0.302669 0.016562 0.032303
0 0.572161 0.417837 0.030757 0.057584
0 0.589117 0.384831 0.014196 0.036517
0 0.575710 0.387640 0.017350 0.033708
0 0.541009 0.380618 0.017350 0.036517
0 0.551656 0.372191 0.013407 0.028090
0 0.505126 0.417135 0.027603 0.061798
0 0.520899 0.382725 0.019716 0.035112
0 0.504732 0.380618 0.015773 0.039326
0 0.485804 0.388343 0.023659 0.043539
0 0.477129 0.412219 0.023659 0.051966
0 0.458202 0.384831 0.020505 0.033708
0 0.440457 0.384831 0.019716 0.050562
0 0.416009 0.372893 0.019716 0.032303
0 0.414038 0.414326 0.022082 0.044944
0 0.388013 0.425562 0.025237 0.067416
0 0.385647 0.376404 0.018927 0.036517
0 0.371057 0.405899 0.027603 0.047753
0 0.366719 0.454354 0.034700 0.054775
0 0.332019 0.426264 0.031546 0.066011
0 0.351341 0.386938 0.019716 0.046348
0 0.293375 0.396067 0.026814 0.047753
0 0.281940 0.467697 0.037066 0.058989
0 0.264196 0.407303 0.031546 0.053371
0 0.219637 0.417135 0.030757 0.050562
0 0.199132 0.600421 0.098580 0.150281
0 0.044953 0.427669 0.037855 0.074438
0 0.013801 0.436798 0.026025 0.084270
