0 0.314844 0.621780 0.042188 0.077283
0 0.259375 0.612412 0.031250 0.058548
0 0.235156 0.572600 0.029687 0.053864
0 0.275781 0.529274 0.026562 0.037471
0 0.346094 0.535129 0.023438 0.039813
0 0.390625 0.676815 0.046875 0.088993
0 0.432812 0.592506 0.025000 0.051522
0 0.395313 0.562061 0.021875 0.032787
0 0.379688 0.552693 0.018750 0.032787
0 0.388281 0.481265 0.020313 0.030445
0 0.428125 0.536300 0.015625 0.037471
0 0.456250 0.528103 0.018750 0.030445
0 0.491406 0.577283 0.035937 0.063232
0 0.505469 0.536300 0.017188 0.037471
0 0.530469 0.526932 0.017188 0.028103
0 0.549219 0.556206 0.026562 0.039813
0 0.563281 0.532787 0.020313 0.030445
0 0.595313 0.596019 0.043750 0.072600
0 0.617969 0.526932 0.020313 0.028103
0 0.696875 0.608899 0.040625 0.079625
0 0.739062 0.569087 0.031250 0.060890
0 0.789844 0.611241 0.048438 0.060890
0 0.767188 0.540984 0.021875 0.037471
0 0.760938 0.523419 0.015625 0.030445
0 0.740625 0.519906 0.012500 0.023419
0 0.860938 0.533958 0.028125 0.051522
0 0.841406 0.543326 0.020313 0.042155
0 0.896094 0.531616 0.020313 0.037471
0 0.936719 0.552693 0.023438 0.042155
0 0.925781 0.519906 0.020313 0.028103
