0 0.417500 0.473297 0.105000 0.198895
0 0.431000 0.363720 0.056000 0.093923
0 0.415500 0.318600 0.039000 0.073665
0 0.429000 0.288214 0.030000 0.060773
0 0.445500 0.249540 0.031000 0.049724
0 0.557000 0.262431 0.030000 0.064457
0 0.570000 0.336096 0.034000 0.068140
0 0.688500 0.475138 0.077000 0.173112
0 0.685500 0.278085 0.029000 0.055249
0 0.705000 0.128913 0.028000 0.051565
0 0.758500 0.284530 0.031000 0.068140
0 0.802500 0.314917 0.039000 0.077348
0 0.875000 0.321363 0.040000 0.097606
0 0.918500 0.339779 0.051000 0.079190
