0 0.044922 0.627635 0.061719 0.091335
0 0.061719 0.567330 0.043750 0.069087
0 0.032031 0.510539 0.034375 0.060890
0 0.051953 0.498829 0.022656 0.046838
0 0.088281 0.498829 0.025000 0.046838
0 0.128906 0.540398 0.031250 0.045667
0 0.157422 0.532787 0.027344 0.051522
0 0.111328 0.637588 0.071094 0.113583
0 0.213281 0.574356 0.040625 0.062061
0 0.222656 0.538056 0.028125 0.048009
0 0.263672 0.569672 0.038281 0.062061
0 0.331641 0.617681 0.049219 0.080796
0 0.313281 0.581382 0.029687 0.045667
0 0.330859 0.560304 0.024219 0.048009
0 0.366406 0.575527 0.021875 0.040984
0 0.403516 0.627049 0.041406 0.071429
0 0.429297 0.615340 0.027344 0.057377
0 0.424609 0.580211 0.027344 0.050351
0 0.396875 0.584895 0.029687 0.043326
0 0.593359 0.466042 0.028906 0.042155
0 0.533594 0.617681 0.046875 0.083138
0 0.505078 0.615925 0.030469 0.067916
0 0.553125 0.856557 0.107813 0.209602
0 0.597266 0.661007 0.041406 0.083138
0 0.653516 0.630562 0.039844 0.066745
0 0.846094 0.767564 0.085938 0.139344
0 0.904297 0.926230 0.114844 0.145199
0 0.941016 0.809133 0.069531 0.110070
