0 0.105833 0.555625 0.048333 0.081250
0 0.233750 0.563750 0.055833 0.090000
0 0.287083 0.546875 0.057500 0.096250
0 0.266250 0.475000 0.044167 0.062500
0 0.356667 0.310625 0.065000 0.121250
0 0.482500 0.385625 0.051667 0.088750
0 0.469167 0.501875 0.075000 0.118750
0 0.369167 0.522500 0.060000 0.090000
0 0.446250 0.528125 0.039167 0.083750
0 0.586250 0.493750 0.044167 0.085000
0 0.570833 0.528750 0.041667 0.062500
0 0.648333 0.531875 0.078333 0.136250
0 0.673750 0.470625 0.049167 0.098750
0 0.698333 0.491250 0.030000 0.065000
0 0.835833 0.483125 0.031667 0.073750
0 0.858333 0.467500 0.043333 0.090000
0 0.884583 0.486250 0.057500 0.112500
0 0.960833 0.426875 0.078333 0.161250
