0 0.039529 0.877458 0.078125 0.135534
0 0.027868 0.700667 0.053405 0.127458
0 0.046409 0.643258 0.036847 0.051966
0 0.059701 0.612886 0.033116 0.048104
0 0.042327 0.561447 0.034748 0.053371
0 0.099813 0.573034 0.028918 0.038624
0 0.106110 0.543890 0.030317 0.035112
0 0.121152 0.601650 0.027285 0.045997
0 0.153335 0.678722 0.052938 0.092697
0 0.166978 0.628687 0.035914 0.060744
0 0.143307 0.633427 0.034282 0.059691
0 0.197994 0.556706 0.028451 0.043890
0 0.197645 0.539677 0.021222 0.035112
0 0.217234 0.575667 0.027285 0.045295
0 0.239506 0.617100 0.030784 0.053020
0 0.253148 0.636412 0.037547 0.057233
0 0.255014 0.697507 0.068797 0.111306
0 0.288013 0.634305 0.049440 0.068469
0 0.339785 0.804073 0.087220 0.165028
0 0.421875 0.884656 0.116604 0.173806
0 0.426073 0.691713 0.080690 0.116573
0 0.325560 0.516854 0.026586 0.044242
0 0.263060 0.393610 0.023321 0.035815
0 0.361824 0.535288 0.024953 0.040379
0 0.375700 0.556355 0.026586 0.037570
0 0.419193 0.530197 0.020289 0.031601
0 0.431437 0.537395 0.020056 0.036166
0 0.441931 0.570049 0.026119 0.048104
0 0.529268 0.608497 0.037080 0.054775
0 0.518773 0.585850 0.031950 0.052317
0 0.484725 0.516503 0.027285 0.033708
0 0.489739 0.489115 0.026119 0.043539
0 0.519007 0.523350 0.025420 0.045295
0 0.538713 0.485253 0.026119 0.051264
0 0.541511 0.513518 0.021455 0.030548
0 0.581390 0.522472 0.026119 0.045646
0 0.593867 0.503687 0.022621 0.040379
0 0.612290 0.609902 0.045942 0.081461
0 0.594683 0.584094 0.034515 0.059340
0 0.607976 0.564431 0.030784 0.050211
0 0.576493 0.775105 0.077892 0.122542
0 0.667211 0.785463 0.109142 0.159410
0 0.635611 0.510885 0.034748 0.047753
0 0.643540 0.487008 0.030084 0.035815
0 0.665229 0.552493 0.035681 0.053722
0 0.671758 0.568820 0.031950 0.054073
0 0.702425 0.614993 0.051306 0.100070
0 0.731460 0.570049 0.040812 0.060042
0 0.700793 0.536166 0.034049 0.042135
0 0.702542 0.511060 0.029618 0.044593
0 0.695546 0.471735 0.024021 0.038272
0 0.783582 0.583743 0.051772 0.079003
0 0.750000 0.487886 0.023321 0.037570
0 0.746852 0.465941 0.020289 0.028090
0 0.778451 0.467697 0.023321 0.035112
0 0.795709 0.456987 0.018190 0.034059
0 0.837803 0.544768 0.047808 0.065660
0 0.833839 0.500527 0.027285 0.044593
0 0.840951 0.467697 0.020989 0.042135
0 0.836404 0.444522 0.019823 0.026685
0 0.860541 0.465941 0.020522 0.030197
0 0.873717 0.487886 0.021688 0.049508
0 0.895289 0.493329 0.035448 0.045646
0 0.889226 0.465063 0.023321 0.033357
0 0.907299 0.485955 0.021688 0.039326
0 0.953008 0.506320 0.035681 0.047051
0 0.962104 0.555126 0.038013 0.062500
0 0.984958 0.576369 0.030084 0.065660
0 0.912080 0.589712 0.052705 0.076896
0 0.866255 0.649228 0.077192 0.124298
0 0.967817 0.482619 0.024254 0.034059
0 0.974114 0.460850 0.023321 0.036868
