0 0.018090 0.654013 0.033285 0.084599
0 0.040521 0.591106 0.026049 0.049892
0 0.065123 0.594360 0.026049 0.043384
0 0.101302 0.582430 0.028944 0.041215
0 0.136035 0.586768 0.023155 0.041215
0 0.161360 0.575922 0.018813 0.028200
0 0.182344 0.635575 0.043415 0.065076
0 0.196816 0.603037 0.026049 0.043384
0 0.250362 0.631236 0.049204 0.082430
0 0.266281 0.588937 0.017366 0.036876
0 0.277858 0.586768 0.020260 0.036876
0 0.311143 0.584599 0.028944 0.036876
0 0.311143 0.668113 0.052098 0.091106
0 0.361795 0.703905 0.072359 0.132321
0 0.470333 0.707158 0.075253 0.156182
0 0.330680 0.583514 0.015919 0.026030
0 0.361071 0.586768 0.018813 0.028200
0 0.394356 0.614967 0.039074 0.062907
0 0.435601 0.627983 0.037627 0.058568
0 0.429088 0.582430 0.021708 0.032538
0 0.405210 0.560738 0.014472 0.023861
0 0.455137 0.594360 0.018813 0.030369
0 0.483357 0.590022 0.017366 0.026030
0 0.515919 0.643167 0.047757 0.084599
0 0.534732 0.608460 0.021708 0.036876
0 0.547757 0.592191 0.013025 0.026030
0 0.568741 0.612798 0.026049 0.049892
0 0.605644 0.632321 0.030391 0.054230
0 0.636035 0.598698 0.027496 0.047722
0 0.662808 0.599783 0.023155 0.036876
0 0.680897 0.606291 0.024602 0.049892
0 0.675832 0.654013 0.034732 0.062907
0 0.714182 0.658351 0.041968 0.067245
0 0.756151 0.689805 0.070912 0.099783
0 0.751809 0.627983 0.030391 0.045553
0 0.814038 0.633406 0.047757 0.065076
0 0.921129 0.526030 0.024602 0.036876
0 0.948625 0.635575 0.039074 0.065076
