0 0.890625 0.464062 0.051562 0.080208
0 0.847266 0.556771 0.050781 0.088542
0 0.785937 0.611979 0.081250 0.132292
0 0.641797 0.704167 0.097656 0.131250
0 0.681641 0.544792 0.072656 0.102083
0 0.720703 0.447917 0.044531 0.068750
0 0.677344 0.361979 0.037500 0.055208
0 0.653516 0.441146 0.050781 0.067708
0 0.596484 0.493750 0.050781 0.083333
0 0.487891 0.665625 0.085156 0.137500
0 0.423047 0.529167 0.064844 0.091667
0 0.477344 0.461979 0.050000 0.069792
0 0.468750 0.422917 0.039062 0.062500
0 0.413672 0.417187 0.036719 0.059375
0 0.356641 0.517708 0.060156 0.083333
0 0.316406 0.468229 0.040625 0.071875
0 0.269531 0.452604 0.043750 0.055208
0 0.265625 0.409375 0.040625 0.052083
0 0.217188 0.401562 0.035937 0.051042
0 0.205859 0.489583 0.055469 0.089583
0 0.159375 0.593750 0.079687 0.129167
0 0.153516 0.449479 0.044531 0.053125
0 0.111719 0.451562 0.048438 0.065625
0 0.086328 0.428646 0.042969 0.053125
0 0.013672 0.460417 0.025781 0.072917
