0 0.154369 0.678571 0.180583 0.292208
0 0.047573 0.066558 0.064078 0.113636
0 0.132039 0.121753 0.031068 0.055195
0 0.029126 0.103896 0.034951 0.051948
0 0.311650 0.125000 0.040777 0.068182
0 0.335922 0.228896 0.031068 0.055195
0 0.254369 0.383117 0.089320 0.168831
0 0.381553 0.282468 0.052427 0.116883
0 0.417476 0.121753 0.034951 0.074675
0 0.489320 0.275974 0.038835 0.071429
0 0.473786 0.363636 0.077670 0.162338
0 0.529126 0.235390 0.029126 0.074675
0 0.584466 0.269481 0.050485 0.084416
0 0.577670 0.217532 0.033010 0.064935
0 0.666019 0.258117 0.034951 0.094156
0 0.728155 0.376623 0.089320 0.155844
0 0.796117 0.237013 0.027184 0.058442
0 0.808738 0.137987 0.025243 0.061688
0 0.849515 0.243506 0.040777 0.090909
0 0.883495 0.225649 0.034951 0.068182
0 0.917476 0.267857 0.048544 0.081169
0 0.894175 0.373377 0.075728 0.149351
0 0.889320 0.613636 0.159223 0.311688
