0 0.295833 0.420741 0.065000 0.115556
0 0.346667 0.425185 0.046667 0.085926
0 0.398750 0.431111 0.039167 0.059259
0 0.459167 0.417778 0.056667 0.088889
0 0.506250 0.421481 0.047500 0.087407
0 0.246667 0.437037 0.023333 0.044444
0 0.217917 0.425926 0.034167 0.054815
0 0.166667 0.438519 0.035000 0.074074
0 0.186250 0.435556 0.025833 0.047407
0 0.134583 0.439259 0.027500 0.045926
0 0.074167 0.452593 0.036667 0.066667
0 0.045833 0.451852 0.033333 0.071111
0 0.727083 0.442222 0.032500 0.054815
0 0.771250 0.443704 0.032500 0.042963
0 0.818750 0.423704 0.037500 0.068148
0 0.856667 0.449630 0.030000 0.054815
0 0.886667 0.459259 0.045000 0.094815
0 0.944583 0.477037 0.055833 0.088889
0 0.911250 0.451852 0.030833 0.056296
