0 0.213333 0.386667 0.030000 0.044444
0 0.123333 0.452222 0.033333 0.046667
0 0.095000 0.480000 0.033333 0.044444
0 0.093333 0.514444 0.033333 0.046667
0 0.048333 0.523333 0.056667 0.064444
0 0.310833 0.495556 0.041667 0.053333
0 0.325000 0.557778 0.053333 0.071111
0 0.399167 0.592222 0.085000 0.100000
0 0.436667 0.663333 0.103333 0.131111
0 0.486667 0.808889 0.140000 0.177778
0 0.331667 0.453333 0.033333 0.035556
0 0.351667 0.435556 0.023333 0.031111
0 0.380833 0.461111 0.028333 0.037778
0 0.425833 0.484444 0.031667 0.044444
0 0.441667 0.523333 0.053333 0.060000
0 0.420000 0.440000 0.023333 0.035556
0 0.486667 0.461111 0.033333 0.046667
0 0.505833 0.480000 0.031667 0.053333
0 0.553333 0.510000 0.046667 0.060000
0 0.575833 0.471111 0.031667 0.044444
0 0.602500 0.448889 0.028333 0.040000
0 0.625833 0.536667 0.051667 0.064444
0 0.663333 0.503333 0.033333 0.055556
0 0.640833 0.462222 0.028333 0.031111
0 0.662500 0.450000 0.018333 0.033333
0 0.721667 0.446667 0.030000 0.044444
0 0.732500 0.535556 0.045000 0.062222
0 0.687500 0.632222 0.091667 0.131111
0 0.546667 0.588889 0.070000 0.080000
0 0.477500 0.538889 0.051667 0.060000
0 0.835000 0.566667 0.063333 0.088889
0 0.788333 0.488889 0.033333 0.062222
0 0.792500 0.453333 0.041667 0.048889
0 0.882500 0.486667 0.038333 0.057778
0 0.911667 0.504444 0.046667 0.066667
0 0.958333 0.545556 0.046667 0.077778
0 0.955833 0.718889 0.085000 0.140000
0 0.934167 0.854444 0.131667 0.202222
